 0.00000000e+00 -3.97591502e+00 
 5.00000000e+06 -3.95094597e+00 
 1.00000000e+07 -6.09614606e+01 
 1.50000000e+07 -6.87900089e+01 
 2.00000000e+07 -7.34251178e+01 
 2.50000000e+07 -7.65974159e+01 
 3.00000000e+07 -7.89943251e+01 
 3.50000000e+07 -8.07908433e+01 
 4.00000000e+07 -8.22690218e+01 
 4.50000000e+07 -8.33561148e+01 
 5.00000000e+07 -8.47452168e+01 
 5.50000000e+07 -8.51712772e+01 
 6.00000000e+07 -8.60470200e+01 
 6.50000000e+07 -8.66180898e+01 
 7.00000000e+07 -8.71982156e+01 
 7.50000000e+07 -8.75534390e+01 
 8.00000000e+07 -8.80038530e+01 
 8.50000000e+07 -8.83647841e+01 
 9.00000000e+07 -8.85067769e+01 
 9.50000000e+07 -8.88837640e+01 
 1.00000000e+08 -8.91087273e+01 
 1.05000000e+08 -8.91768136e+01 
 1.10000000e+08 -8.94743003e+01 
 1.15000000e+08 -8.95368907e+01 
 1.20000000e+08 -8.97490707e+01 
 1.25000000e+08 -8.98709309e+01 
 1.30000000e+08 -8.99463923e+01 
 1.35000000e+08 -9.02180485e+01 
 1.40000000e+08 -8.99654209e+01 
 1.45000000e+08 -9.16725825e+01 
 1.50000000e+08 -8.93371885e+01 
 1.55000000e+08 -9.09662725e+01 
 1.60000000e+08 -9.09579295e+01 
 1.65000000e+08 -9.10480968e+01 
 1.70000000e+08 -9.09039505e+01 
 1.75000000e+08 -9.15394616e+01 
 1.80000000e+08 -9.13998631e+01 
 1.85000000e+08 -9.16243407e+01 
 1.90000000e+08 -9.09362804e+01 
 1.95000000e+08 -9.38266544e+01 
 2.00000000e+08 -8.88372269e+01 
 2.05000000e+08 -9.30691999e+01 
 2.10000000e+08 -9.28580615e+01 
 2.15000000e+08 -9.30952037e+01 
 2.20000000e+08 -9.31687609e+01 
 2.25000000e+08 -9.36341401e+01 
 2.30000000e+08 -9.37867833e+01 
 2.35000000e+08 -9.39679016e+01 
 2.40000000e+08 -9.41435205e+01 
 2.45000000e+08 -9.55332910e+01 
 2.50000000e+08 -9.43640132e+01 
 2.55000000e+08 -9.53931565e+01 
 2.60000000e+08 -9.54547400e+01 
 2.65000000e+08 -9.60109230e+01 
 2.70000000e+08 -9.61207091e+01 
 2.75000000e+08 -9.64431397e+01 
 2.80000000e+08 -9.69410755e+01 
 2.85000000e+08 -9.69706026e+01 
 2.90000000e+08 -9.72281687e+01 
 2.95000000e+08 -9.80977278e+01 
 3.00000000e+08 -9.73823137e+01 
 3.05000000e+08 -9.83654468e+01 
 3.10000000e+08 -9.82939502e+01 
 3.15000000e+08 -9.85200909e+01 
 3.20000000e+08 -9.87255381e+01 
 3.25000000e+08 -9.80118798e+01 
 3.30000000e+08 -9.64724947e+01 
 3.35000000e+08 -8.92537963e+01 
 3.40000000e+08 -5.59336558e+01 
 3.45000000e+08 -5.05117064e+01 
 3.50000000e+08 -5.72318792e+01 
 3.55000000e+08 -9.89693325e+01 
 3.60000000e+08 -1.05334268e+02 
 3.65000000e+08 -1.01446343e+02 
 3.70000000e+08 -1.00894205e+02 
 3.75000000e+08 -1.00372885e+02 
 3.80000000e+08 -1.00494687e+02 
 3.85000000e+08 -1.00326277e+02 
 3.90000000e+08 -9.89655203e+01 
 3.95000000e+08 -1.02874831e+02 
 4.00000000e+08 -1.00464669e+02 
 4.05000000e+08 -1.00529646e+02 
 4.10000000e+08 -1.01054870e+02 
 4.15000000e+08 -1.01046679e+02 
 4.20000000e+08 -1.01449423e+02 
 4.25000000e+08 -1.01613516e+02 
 4.30000000e+08 -1.01637259e+02 
 4.35000000e+08 -1.02523817e+02 
 4.40000000e+08 -1.01296726e+02 
 4.45000000e+08 -1.01974381e+02 
 4.50000000e+08 -1.02973078e+02 
 4.55000000e+08 -1.02912907e+02 
 4.60000000e+08 -1.03290419e+02 
 4.65000000e+08 -1.03663211e+02 
 4.70000000e+08 -1.03743989e+02 
 4.75000000e+08 -1.04389727e+02 
 4.80000000e+08 -1.03977183e+02 
 4.85000000e+08 -1.04111870e+02 
 4.90000000e+08 -1.10724983e+02 
 4.95000000e+08 -1.00672000e+02 
 5.00000000e+08 -1.06231963e+02 
 5.05000000e+08 -1.06566731e+02 
 5.10000000e+08 -1.06005311e+02 
 5.15000000e+08 -1.06349243e+02 
 5.20000000e+08 -1.06645567e+02 
 5.25000000e+08 -1.06091646e+02 
 5.30000000e+08 -1.01775496e+02 
 5.35000000e+08 -8.23863792e+01 
 5.40000000e+08 -7.26117767e+01 
 5.45000000e+08 -7.48520924e+01 
 5.50000000e+08 -9.58239961e+01 
 5.55000000e+08 -1.13758843e+02 
 5.60000000e+08 -1.11194408e+02 
 5.65000000e+08 -1.10027864e+02 
 5.70000000e+08 -1.09666131e+02 
 5.75000000e+08 -1.09716280e+02 
 5.80000000e+08 -1.10096272e+02 
 5.85000000e+08 -1.07861753e+02 
 5.90000000e+08 -1.08659243e+02 
 5.95000000e+08 -1.12418548e+02 
 6.00000000e+08 -1.10403703e+02 
 6.05000000e+08 -1.11083710e+02 
 6.10000000e+08 -1.12067556e+02 
 6.15000000e+08 -1.12301749e+02 
 6.20000000e+08 -1.13398369e+02 
 6.25000000e+08 -1.13294252e+02 
 6.30000000e+08 -1.17087562e+02 
 6.35000000e+08 -1.08981136e+02 
 6.40000000e+08 -1.10576797e+02 
 6.45000000e+08 -1.09446157e+02 
 6.50000000e+08 -1.22412640e+02 
 6.55000000e+08 -1.19068758e+02 
 6.60000000e+08 -1.22809222e+02 
 6.65000000e+08 -1.23852381e+02 
 6.70000000e+08 -1.27594003e+02 
 6.75000000e+08 -1.23644875e+02 
 6.80000000e+08 -1.10810577e+02 
 6.85000000e+08 -8.20320283e+01 
 6.90000000e+08 -7.73395261e+01 
 6.95000000e+08 -8.46609321e+01 
 7.00000000e+08 -1.11108068e+02 
 7.05000000e+08 -1.18220320e+02 
 7.10000000e+08 -1.19309383e+02 
 7.15000000e+08 -1.18243881e+02 
 7.20000000e+08 -1.16506077e+02 
 7.25000000e+08 -1.16774552e+02 
 7.30000000e+08 -1.19506920e+02 
 7.35000000e+08 -1.08072883e+02 
 7.40000000e+08 -1.06250820e+02 
 7.45000000e+08 -1.11552255e+02 
 7.50000000e+08 -1.12745933e+02 
 7.55000000e+08 -1.12110562e+02 
 7.60000000e+08 -1.12091682e+02 
 7.65000000e+08 -1.10939774e+02 
 7.70000000e+08 -1.10406466e+02 
 7.75000000e+08 -1.09154644e+02 
 7.80000000e+08 -1.10440249e+02 
 7.85000000e+08 -1.10896861e+02 
 7.90000000e+08 -1.03632542e+02 
 7.95000000e+08 -1.08104356e+02 
 8.00000000e+08 -1.08077467e+02 
 8.05000000e+08 -1.06381202e+02 
 8.10000000e+08 -1.05997068e+02 
 8.15000000e+08 -1.05463826e+02 
 8.20000000e+08 -1.05365987e+02 
 8.25000000e+08 -1.04104976e+02 
 8.30000000e+08 -1.04430621e+02 
 8.35000000e+08 -1.00922862e+02 
 8.40000000e+08 -1.05706900e+02 
 8.45000000e+08 -1.01302063e+02 
 8.50000000e+08 -1.01858828e+02 
 8.55000000e+08 -1.01010843e+02 
 8.60000000e+08 -1.00052686e+02 
 8.65000000e+08 -9.81438552e+01 
 8.70000000e+08 -9.46790106e+01 
 8.75000000e+08 -8.62699774e+01 
 8.80000000e+08 -6.40439029e+01 
 8.85000000e+08 -5.47080287e+01 
 8.90000000e+08 -5.77465233e+01 
 8.95000000e+08 -7.85596746e+01 
 9.00000000e+08 -9.03409121e+01 
 9.05000000e+08 -9.53897422e+01 
 9.10000000e+08 -9.71680855e+01 
 9.15000000e+08 -9.76924217e+01 
 9.20000000e+08 -9.78120236e+01 
 9.25000000e+08 -9.85344379e+01 
 9.30000000e+08 -9.66543252e+01 
 9.35000000e+08 -1.00495864e+02 
 9.40000000e+08 -9.64451556e+01 
 9.45000000e+08 -9.76457918e+01 
 9.50000000e+08 -9.69862311e+01 
 9.55000000e+08 -9.69334393e+01 
 9.60000000e+08 -9.65179710e+01 
 9.65000000e+08 -9.61812291e+01 
 9.70000000e+08 -9.56581946e+01 
 9.75000000e+08 -9.57243388e+01 
 9.80000000e+08 -9.55500606e+01 
 9.85000000e+08 -9.41622103e+01 
 9.90000000e+08 -9.40303565e+01 
 9.95000000e+08 -9.41902467e+01 
 1.00000000e+09 -9.36219144e+01 
 1.00500000e+09 -9.31841355e+01 
 1.01000000e+09 -9.27657944e+01 
 1.01500000e+09 -9.25114902e+01 
 1.02000000e+09 -9.21178310e+01 
 1.02500000e+09 -9.18917240e+01 
 1.03000000e+09 -8.64930416e+01 
 1.03500000e+09 -9.90952099e+01 
 1.04000000e+09 -8.71019054e+01 
 1.04500000e+09 -9.02554330e+01 
 1.05000000e+09 -9.01913487e+01 
 1.05500000e+09 -8.94384272e+01 
 1.06000000e+09 -8.97915794e+01 
 1.06500000e+09 -8.92854939e+01 
 1.07000000e+09 -8.89366650e+01 
 1.07500000e+09 -8.82914711e+01 
 1.08000000e+09 -8.99811793e+01 
 1.08500000e+09 -8.69910228e+01 
 1.09000000e+09 -8.82637229e+01 
 1.09500000e+09 -8.77181292e+01 
 1.10000000e+09 -8.75809656e+01 
 1.10500000e+09 -8.73332276e+01 
 1.11000000e+09 -8.70983768e+01 
 1.11500000e+09 -8.67287281e+01 
 1.12000000e+09 -8.65383158e+01 
 1.12500000e+09 -8.59222992e+01 
 1.13000000e+09 -8.71231080e+01 
 1.13500000e+09 -8.42885853e+01 
 1.14000000e+09 -8.50785900e+01 
 1.14500000e+09 -8.41152981e+01 
 1.15000000e+09 -8.34598474e+01 
 1.15500000e+09 -8.25155286e+01 
 1.16000000e+09 -8.14418378e+01 
 1.16500000e+09 -8.01788502e+01 
 1.17000000e+09 -7.88196267e+01 
 1.17500000e+09 -7.70609278e+01 
 1.18000000e+09 -7.56645042e+01 
 1.18500000e+09 -7.28759668e+01 
 1.19000000e+09 -7.07157879e+01 
 1.19500000e+09 -6.76872582e+01 
 1.20000000e+09 -6.41555317e+01 
 1.20500000e+09 -5.97739427e+01 
 1.21000000e+09 -5.42218275e+01 
 1.21500000e+09 -4.68494058e+01 
 1.22000000e+09 -3.59470037e+01 
 1.22500000e+09 -1.13482714e+01 
 1.23000000e+09 -2.74294462e+00 
 1.23500000e+09 -6.36106388e+00 
 1.24000000e+09 -2.95577416e+01 
 1.24500000e+09 -4.29860937e+01 
 1.25000000e+09 -5.14894098e+01 
 1.25500000e+09 -5.78410354e+01 
 1.26000000e+09 -6.28791762e+01 
 1.26500000e+09 -6.69648136e+01 
 1.27000000e+09 -7.02678046e+01 
 1.27500000e+09 -7.25813565e+01 
 1.28000000e+09 -7.51765308e+01 
 1.28500000e+09 -7.59448877e+01 
 1.29000000e+09 -7.69620784e+01 
 1.29500000e+09 -7.76973361e+01 
 1.30000000e+09 -7.83582004e+01 
 1.30500000e+09 -7.87775099e+01 
 1.31000000e+09 -7.90858299e+01 
 1.31500000e+09 -7.95701491e+01 
 1.32000000e+09 -7.99277336e+01 
 1.32500000e+09 -8.01672416e+01 
 1.33000000e+09 -8.02599193e+01 
 1.33500000e+09 -8.09985531e+01 
 1.34000000e+09 -8.11677151e+01 
 1.34500000e+09 -8.14468641e+01 
 1.35000000e+09 -8.17548693e+01 
 1.35500000e+09 -8.21103157e+01 
 1.36000000e+09 -8.23670556e+01 
 1.36500000e+09 -8.27171221e+01 
 1.37000000e+09 -8.30374874e+01 
 1.37500000e+09 -8.39629525e+01 
 1.38000000e+09 -8.26919598e+01 
 1.38500000e+09 -8.42614082e+01 
 1.39000000e+09 -8.43023433e+01 
 1.39500000e+09 -8.45460676e+01 
 1.40000000e+09 -8.43656440e+01 
 1.40500000e+09 -8.55821928e+01 
 1.41000000e+09 -8.52042023e+01 
 1.41500000e+09 -8.56050888e+01 
 1.42000000e+09 -8.64879876e+01 
 1.42500000e+09 -8.32598184e+01 
 1.43000000e+09 -8.73088539e+01 
 1.43500000e+09 -8.61380424e+01 
 1.44000000e+09 -8.66336362e+01 
 1.44500000e+09 -8.68300172e+01 
 1.45000000e+09 -8.70078643e+01 
 1.45500000e+09 -8.71514154e+01 
 1.46000000e+09 -8.73331162e+01 
 1.46500000e+09 -8.73534679e+01 
 1.47000000e+09 -8.76720469e+01 
 1.47500000e+09 -8.75694905e+01 
 1.48000000e+09 -8.78096533e+01 
 1.48500000e+09 -8.77645188e+01 
 1.49000000e+09 -8.79576705e+01 
 1.49500000e+09 -8.80427576e+01 
 1.50000000e+09 -8.81464686e+01 
 1.50500000e+09 -8.81355390e+01 
 1.51000000e+09 -8.83080331e+01 
 1.51500000e+09 -8.83738737e+01 
 1.52000000e+09 -8.86943585e+01 
 1.52500000e+09 -8.75942233e+01 
 1.53000000e+09 -8.94659501e+01 
 1.53500000e+09 -8.84649227e+01 
 1.54000000e+09 -8.87981719e+01 
 1.54500000e+09 -8.88927939e+01 
 1.55000000e+09 -8.90598008e+01 
 1.55500000e+09 -8.93592024e+01 
 1.56000000e+09 -9.02996400e+01 
 1.56500000e+09 -8.81797263e+01 
 1.57000000e+09 -5.94913887e+01 
 1.57500000e+09 -5.13012985e+01 
 1.58000000e+09 -5.57723579e+01 
 1.58500000e+09 -7.86500092e+01 
 1.59000000e+09 -8.58310638e+01 
 1.59500000e+09 -8.80730544e+01 
 1.60000000e+09 -8.89631986e+01 
 1.60500000e+09 -8.95126052e+01 
 1.61000000e+09 -8.98112615e+01 
 1.61500000e+09 -9.01064023e+01 
 1.62000000e+09 -8.96653711e+01 
 1.62500000e+09 -9.09581703e+01 
 1.63000000e+09 -9.00456452e+01 
 1.63500000e+09 -9.05576888e+01 
 1.64000000e+09 -9.05138055e+01 
 1.64500000e+09 -9.06973688e+01 
 1.65000000e+09 -9.07507295e+01 
 1.65500000e+09 -9.08413651e+01 
 1.66000000e+09 -9.08055287e+01 
 1.66500000e+09 -9.10080004e+01 
 1.67000000e+09 -9.14502664e+01 
 1.67500000e+09 -9.05079794e+01 
 1.68000000e+09 -9.11517838e+01 
 1.68500000e+09 -9.13026599e+01 
 1.69000000e+09 -9.12000614e+01 
 1.69500000e+09 -9.12808503e+01 
 1.70000000e+09 -9.13141082e+01 
 1.70500000e+09 -9.14002585e+01 
 1.71000000e+09 -9.14192376e+01 
 1.71500000e+09 -9.14344175e+01 
 1.72000000e+09 -9.14861596e+01 
 1.72500000e+09 -9.17497121e+01 
 1.73000000e+09 -9.13751397e+01 
 1.73500000e+09 -9.17543755e+01 
 1.74000000e+09 -9.18227285e+01 
 1.74500000e+09 -9.17707043e+01 
 1.75000000e+09 -9.19359268e+01 
 1.75500000e+09 -9.19978909e+01 
 1.76000000e+09 -9.22603779e+01 
 1.76500000e+09 -9.05431117e+01 
 1.77000000e+09 -8.07480236e+01 
 1.77500000e+09 -8.04301408e+01 
 1.78000000e+09 -9.22120525e+01 
 1.78500000e+09 -9.25831671e+01 
 1.79000000e+09 -9.25383416e+01 
 1.79500000e+09 -9.24085800e+01 
 1.80000000e+09 -9.24675089e+01 
 1.80500000e+09 -9.24802680e+01 
 1.81000000e+09 -9.26540744e+01 
 1.81500000e+09 -9.21812200e+01 
 1.82000000e+09 -9.37517683e+01 
 1.82500000e+09 -9.17446491e+01 
 1.83000000e+09 -9.31233689e+01 
 1.83500000e+09 -9.27408155e+01 
 1.84000000e+09 -9.28710798e+01 
 1.84500000e+09 -9.29009405e+01 
 1.85000000e+09 -9.29734204e+01 
 1.85500000e+09 -9.29625621e+01 
 1.86000000e+09 -9.30805180e+01 
 1.86500000e+09 -9.34977096e+01 
 1.87000000e+09 -9.25598875e+01 
 1.87500000e+09 -9.31704524e+01 
 1.88000000e+09 -9.33776373e+01 
 1.88500000e+09 -9.32952703e+01 
 1.89000000e+09 -9.32870182e+01 
 1.89500000e+09 -9.33522044e+01 
 1.90000000e+09 -9.33644051e+01 
 1.90500000e+09 -9.33911771e+01 
 1.91000000e+09 -9.30100691e+01 
 1.91500000e+09 -7.85331101e+01 
 1.92000000e+09 -7.14639044e+01 
 1.92500000e+09 -7.65949542e+01 
 1.93000000e+09 -9.26915241e+01 
 1.93500000e+09 -9.36537307e+01 
 1.94000000e+09 -9.36778877e+01 
 1.94500000e+09 -9.37841962e+01 
 1.95000000e+09 -9.38960227e+01 
 1.95500000e+09 -9.41214349e+01 
 1.96000000e+09 -9.39429398e+01 
 1.96500000e+09 -9.28947717e+01 
 1.97000000e+09 -9.66612061e+01 
 1.97500000e+09 -9.33745458e+01 
 1.98000000e+09 -9.41022281e+01 
 1.98500000e+09 -9.44135513e+01 
 1.99000000e+09 -9.43628396e+01 
 1.99500000e+09 -9.44877779e+01 
 2.00000000e+09 -9.45169116e+01 
 2.00500000e+09 -9.46224545e+01 
 2.01000000e+09 -9.46624532e+01 
 2.01500000e+09 -9.51094664e+01 
 2.02000000e+09 -9.38392402e+01 
 2.02500000e+09 -9.54528565e+01 
 2.03000000e+09 -9.48198348e+01 
 2.03500000e+09 -9.49979465e+01 
 2.04000000e+09 -9.51137100e+01 
 2.04500000e+09 -9.51435325e+01 
 2.05000000e+09 -9.52678701e+01 
 2.05500000e+09 -9.53149646e+01 
 2.06000000e+09 -9.57511131e+01 
 2.06500000e+09 -9.58169907e+01 
 2.07000000e+09 -9.52980772e+01 
 2.07500000e+09 -9.62475266e+01 
 2.08000000e+09 -9.66638418e+01 
 2.08500000e+09 -9.71251961e+01 
 2.09000000e+09 -9.84124105e+01 
 2.09500000e+09 -1.00394330e+02 
 2.10000000e+09 -9.86565334e+01 
 2.10500000e+09 -8.60395242e+01 
 2.11000000e+09 -6.64538771e+01 
 2.11500000e+09 -5.37260224e+01 
 2.12000000e+09 -5.45797703e+01 
 2.12500000e+09 -6.99512612e+01 
 2.13000000e+09 -8.55174680e+01 
 2.13500000e+09 -9.34217735e+01 
 2.14000000e+09 -9.68010728e+01 
 2.14500000e+09 -9.72979696e+01 
 2.15000000e+09 -9.74074445e+01 
 2.15500000e+09 -9.72562051e+01 
 2.16000000e+09 -9.65195477e+01 
 2.16500000e+09 -9.91832390e+01 
 2.17000000e+09 -9.60212708e+01 
 2.17500000e+09 -9.71346659e+01 
 2.18000000e+09 -9.73452314e+01 
 2.18500000e+09 -9.71077299e+01 
 2.19000000e+09 -9.72064874e+01 
 2.19500000e+09 -9.74045623e+01 
 2.20000000e+09 -9.72974528e+01 
 2.20500000e+09 -9.75121807e+01 
 2.21000000e+09 -9.72629763e+01 
 2.21500000e+09 -9.74691756e+01 
 2.22000000e+09 -9.75987189e+01 
 2.22500000e+09 -9.76048054e+01 
 2.23000000e+09 -9.78272190e+01 
 2.23500000e+09 -9.80488013e+01 
 2.24000000e+09 -9.79353666e+01 
 2.24500000e+09 -9.82496162e+01 
 2.25000000e+09 -9.81805196e+01 
 2.25500000e+09 -9.84221822e+01 
 2.26000000e+09 -9.48567305e+01 
 2.26500000e+09 -8.97399196e+01 
 2.27000000e+09 -9.61862038e+01 
 2.27500000e+09 -9.87787848e+01 
 2.28000000e+09 -9.87103074e+01 
 2.28500000e+09 -9.97463015e+01 
 2.29000000e+09 -9.82093851e+01 
 2.29500000e+09 -9.95915373e+01 
 2.30000000e+09 -9.97037109e+01 
 2.30500000e+09 -9.99447613e+01 
 2.31000000e+09 -9.57403168e+01 
 2.31500000e+09 -1.12107141e+02 
 2.32000000e+09 -9.74115423e+01 
 2.32500000e+09 -1.00383670e+02 
 2.33000000e+09 -1.00093715e+02 
 2.33500000e+09 -1.00473797e+02 
 2.34000000e+09 -1.00748140e+02 
 2.34500000e+09 -1.00929724e+02 
 2.35000000e+09 -1.01512801e+02 
 2.35500000e+09 -1.01483562e+02 
 2.36000000e+09 -1.02382263e+02 
 2.36500000e+09 -1.01380643e+02 
 2.37000000e+09 -1.03295403e+02 
 2.37500000e+09 -1.05304926e+02 
 2.38000000e+09 -1.05767525e+02 
 2.38500000e+09 -1.07847233e+02 
 2.39000000e+09 -1.11478524e+02 
 2.39500000e+09 -1.11871223e+02 
 2.40000000e+09 -1.08588713e+02 
 2.40500000e+09 -1.03556801e+02 
 2.41000000e+09 -9.89267887e+01 
 2.41500000e+09 -9.45346437e+01 
 2.42000000e+09 -9.11787997e+01 
 2.42500000e+09 -8.70870679e+01 
 2.43000000e+09 -8.28824412e+01 
 2.43500000e+09 -7.81748878e+01 
 2.44000000e+09 -7.25242395e+01 
 2.44500000e+09 -6.54197514e+01 
 2.45000000e+09 -5.53814246e+01 
 2.45500000e+09 -3.63708657e+01 
 2.46000000e+09 -2.47268469e+01 
 2.46500000e+09 -2.60982755e+01 
 2.47000000e+09 -4.27498336e+01 
 2.47500000e+09 -5.81141742e+01 
 2.48000000e+09 -6.73072093e+01 
 2.48500000e+09 -7.41160568e+01 
 2.49000000e+09 -7.96398772e+01 
 2.49500000e+09 -8.42669903e+01 
 2.50000000e+09 -8.84837527e+01 
 2.50500000e+09 -9.19870970e+01 
 2.51000000e+09 -9.42562008e+01 
 2.51500000e+09 -9.82471507e+01 
 2.52000000e+09 -9.73272104e+01 
 2.52500000e+09 -9.84917148e+01 
 2.53000000e+09 -9.85601450e+01 
 2.53500000e+09 -9.85642802e+01 
 2.54000000e+09 -9.82389550e+01 
 2.54500000e+09 -9.84273146e+01 
 2.55000000e+09 -9.85246605e+01 
 2.55500000e+09 -9.75569180e+01 
 2.56000000e+09 -9.93492025e+01 
 2.56500000e+09 -9.80274450e+01 
 2.57000000e+09 -9.83149755e+01 
 2.57500000e+09 -9.86744624e+01 
 2.58000000e+09 -9.84312984e+01 
 2.58500000e+09 -9.87404373e+01 
 2.59000000e+09 -9.88168859e+01 
 2.59500000e+09 -9.87578480e+01 
 2.60000000e+09 -9.92609163e+01 
 2.60500000e+09 -9.90008015e+01 
 2.61000000e+09 -9.84490385e+01 
 2.61500000e+09 -9.97660679e+01 
 2.62000000e+09 -9.92133240e+01 
 2.62500000e+09 -9.96541982e+01 
 2.63000000e+09 -9.96969889e+01 
 2.63500000e+09 -9.98168807e+01 
 2.64000000e+09 -1.00010912e+02 
 2.64500000e+09 -1.00116403e+02 
 2.65000000e+09 -1.01255764e+02 
 2.65500000e+09 -9.35468644e+01 
 2.66000000e+09 -1.03640152e+02 
 2.66500000e+09 -9.68192036e+01 
 2.67000000e+09 -1.00046228e+02 
 2.67500000e+09 -1.00388401e+02 
 2.68000000e+09 -1.00783747e+02 
 2.68500000e+09 -1.00386308e+02 
 2.69000000e+09 -1.00906086e+02 
 2.69500000e+09 -1.00992765e+02 
 2.70000000e+09 -1.01173422e+02 
 2.70500000e+09 -9.89199666e+01 
 2.71000000e+09 -1.03961894e+02 
 2.71500000e+09 -1.00412118e+02 
 2.72000000e+09 -1.01417537e+02 
 2.72500000e+09 -1.00996612e+02 
 2.73000000e+09 -1.01585012e+02 
 2.73500000e+09 -1.01474313e+02 
 2.74000000e+09 -1.01435471e+02 
 2.74500000e+09 -1.01920290e+02 
 2.75000000e+09 -1.01483867e+02 
 2.75500000e+09 -1.03201567e+02 
 2.76000000e+09 -1.00957441e+02 
 2.76500000e+09 -1.01912866e+02 
 2.77000000e+09 -1.02158459e+02 
 2.77500000e+09 -1.00917492e+02 
 2.78000000e+09 -9.88805901e+01 
 2.78500000e+09 -9.54385995e+01 
 2.79000000e+09 -8.90460926e+01 
 2.79500000e+09 -7.94108211e+01 
 2.80000000e+09 -5.96945119e+01 
 2.80500000e+09 -4.89452548e+01 
 2.81000000e+09 -5.08580567e+01 
 2.81500000e+09 -6.90413474e+01 
 2.82000000e+09 -8.48405000e+01 
 2.82500000e+09 -9.60984670e+01 
 2.83000000e+09 -1.10172804e+02 
 2.83500000e+09 -1.11959595e+02 
 2.84000000e+09 -1.06222601e+02 
 2.84500000e+09 -1.04660579e+02 
 2.85000000e+09 -1.04365850e+02 
 2.85500000e+09 -1.00088519e+02 
 2.86000000e+09 -1.04142733e+02 
 2.86500000e+09 -1.02733408e+02 
 2.87000000e+09 -1.02071118e+02 
 2.87500000e+09 -1.02385318e+02 
 2.88000000e+09 -1.02001577e+02 
 2.88500000e+09 -1.02149130e+02 
 2.89000000e+09 -1.02290861e+02 
 2.89500000e+09 -1.01964348e+02 
 2.90000000e+09 -1.01570940e+02 
 2.90500000e+09 -1.03678778e+02 
 2.91000000e+09 -1.00870625e+02 
 2.91500000e+09 -1.02742169e+02 
 2.92000000e+09 -1.02284624e+02 
 2.92500000e+09 -1.02373911e+02 
 2.93000000e+09 -1.02515751e+02 
 2.93500000e+09 -1.02301265e+02 
 2.94000000e+09 -1.02773395e+02 
 2.94500000e+09 -1.02295318e+02 
 2.95000000e+09 -1.01275748e+02 
 2.95500000e+09 -1.05208463e+02 
 2.96000000e+09 -1.01550218e+02 
 2.96500000e+09 -1.02617623e+02 
 2.97000000e+09 -1.02967018e+02 
 2.97500000e+09 -1.02788974e+02 
 2.98000000e+09 -1.02783209e+02 
 2.98500000e+09 -1.03094037e+02 
 2.99000000e+09 -1.04161429e+02 
 2.99500000e+09 -9.57104932e+01 
 3.00000000e+09 -7.62571101e+01 
 3.00500000e+09 -7.48500116e+01 
 3.01000000e+09 -8.44268353e+01 
 3.01500000e+09 -9.80331002e+01 
 3.02000000e+09 -1.01564161e+02 
 3.02500000e+09 -1.02175381e+02 
 3.03000000e+09 -1.02693130e+02 
 3.03500000e+09 -1.02913902e+02 
 3.04000000e+09 -1.03124227e+02 
 3.04500000e+09 -1.03937371e+02 
 3.05000000e+09 -1.01069398e+02 
 3.05500000e+09 -1.04203177e+02 
 3.06000000e+09 -1.03512270e+02 
 3.06500000e+09 -1.03134819e+02 
 3.07000000e+09 -1.03270706e+02 
 3.07500000e+09 -1.03305505e+02 
 3.08000000e+09 -1.03162671e+02 
 3.08500000e+09 -1.03499646e+02 
 3.09000000e+09 -1.03048073e+02 
 3.09500000e+09 -1.04338467e+02 
 3.10000000e+09 -1.00855078e+02 
 3.10500000e+09 -1.03946639e+02 
 3.11000000e+09 -1.02848239e+02 
 3.11500000e+09 -1.03531964e+02 
 3.12000000e+09 -1.03053931e+02 
 3.12500000e+09 -1.03246339e+02 
 3.13000000e+09 -1.02650311e+02 
 3.13500000e+09 -1.02050357e+02 
 3.14000000e+09 -9.86866630e+01 
 3.14500000e+09 -8.35847688e+01 
 3.15000000e+09 -7.47787026e+01 
 3.15500000e+09 -7.66099857e+01 
 3.16000000e+09 -1.02141427e+02 
 3.16500000e+09 -1.08000703e+02 
 3.17000000e+09 -1.04615779e+02 
 3.17500000e+09 -1.03667174e+02 
 3.18000000e+09 -1.03561666e+02 
 3.18500000e+09 -1.03426989e+02 
 3.19000000e+09 -1.03782018e+02 
 3.19500000e+09 -1.02301061e+02 
 3.20000000e+09 -1.02052220e+02 
 3.20500000e+09 -1.02117425e+02 
 3.21000000e+09 -1.02876723e+02 
 3.21500000e+09 -1.03186190e+02 
 3.22000000e+09 -1.03138148e+02 
 3.22500000e+09 -1.02823987e+02 
 3.23000000e+09 -1.03012405e+02 
 3.23500000e+09 -1.02840706e+02 
 3.24000000e+09 -1.03542077e+02 
 3.24500000e+09 -1.02746674e+02 
 3.25000000e+09 -1.00727424e+02 
 3.25500000e+09 -1.03718394e+02 
 3.26000000e+09 -1.03126358e+02 
 3.26500000e+09 -1.02471627e+02 
 3.27000000e+09 -1.02674017e+02 
 3.27500000e+09 -1.02422237e+02 
 3.28000000e+09 -1.02641878e+02 
 3.28500000e+09 -1.02198934e+02 
 3.29000000e+09 -1.02633189e+02 
 3.29500000e+09 -1.00646836e+02 
 3.30000000e+09 -1.06405798e+02 
 3.30500000e+09 -1.00533186e+02 
 3.31000000e+09 -1.02681408e+02 
 3.31500000e+09 -1.02254479e+02 
 3.32000000e+09 -1.02672338e+02 
 3.32500000e+09 -1.02936139e+02 
 3.33000000e+09 -1.02799641e+02 
 3.33500000e+09 -9.43286915e+01 
 3.34000000e+09 -7.75280132e+01 
 3.34500000e+09 -6.03499832e+01 
 3.35000000e+09 -5.90649711e+01 
 3.35500000e+09 -7.03727004e+01 
 3.36000000e+09 -8.76580297e+01 
 3.36500000e+09 -9.47964461e+01 
 3.37000000e+09 -9.80451386e+01 
 3.37500000e+09 -9.94794857e+01 
 3.38000000e+09 -1.00163198e+02 
 3.38500000e+09 -1.01190881e+02 
 3.39000000e+09 -1.00051428e+02 
 3.39500000e+09 -1.02849549e+02 
 3.40000000e+09 -9.94413438e+01 
 3.40500000e+09 -1.01373203e+02 
 3.41000000e+09 -1.00444669e+02 
 3.41500000e+09 -1.00834982e+02 
 3.42000000e+09 -1.00523334e+02 
 3.42500000e+09 -1.00370601e+02 
 3.43000000e+09 -1.00062362e+02 
 3.43500000e+09 -1.00642371e+02 
 3.44000000e+09 -1.00984009e+02 
 3.44500000e+09 -9.74338343e+01 
 3.45000000e+09 -1.00985577e+02 
 3.45500000e+09 -1.00048756e+02 
 3.46000000e+09 -9.95657333e+01 
 3.46500000e+09 -9.93593205e+01 
 3.47000000e+09 -9.91751787e+01 
 3.47500000e+09 -9.91824283e+01 
 3.48000000e+09 -9.88671893e+01 
 3.48500000e+09 -9.81036095e+01 
 3.49000000e+09 -9.26717284e+01 
 3.49500000e+09 -9.15377572e+01 
 3.50000000e+09 -8.84886105e+01 
 3.50500000e+09 -9.98770228e+01 
 3.51000000e+09 -9.88954515e+01 
 3.51500000e+09 -9.84863862e+01 
 3.52000000e+09 -9.68731318e+01 
 3.52500000e+09 -9.89075681e+01 
 3.53000000e+09 -9.74509785e+01 
 3.53500000e+09 -9.64799943e+01 
 3.54000000e+09 -9.61501925e+01 
 3.54500000e+09 -9.70615815e+01 
 3.55000000e+09 -9.45871696e+01 
 3.55500000e+09 -9.53044786e+01 
 3.56000000e+09 -9.54274955e+01 
 3.56500000e+09 -9.49123263e+01 
 3.57000000e+09 -9.43166317e+01 
 3.57500000e+09 -9.37155804e+01 
 3.58000000e+09 -9.35076948e+01 
 3.58500000e+09 -9.26195817e+01 
 3.59000000e+09 -9.29594776e+01 
 3.59500000e+09 -8.96476679e+01 
 3.60000000e+09 -9.19631598e+01 
 3.60500000e+09 -8.98366543e+01 
 3.61000000e+09 -8.92564119e+01 
 3.61500000e+09 -8.85201480e+01 
 3.62000000e+09 -8.75498794e+01 
 3.62500000e+09 -8.64154677e+01 
 3.63000000e+09 -8.55037952e+01 
 3.63500000e+09 -8.42100596e+01 
 3.64000000e+09 -8.27938592e+01 
 3.64500000e+09 -8.03357174e+01 
 3.65000000e+09 -7.87870545e+01 
 3.65500000e+09 -7.58753460e+01 
 3.66000000e+09 -7.25992408e+01 
 3.66500000e+09 -6.84739905e+01 
 3.67000000e+09 -6.33481546e+01 
 3.67500000e+09 -5.67406646e+01 
 3.68000000e+09 -4.75107756e+01 
 3.68500000e+09 -3.15796308e+01 
 3.69000000e+09 -1.60976475e+01 
 3.69500000e+09 -1.52696687e+01 
 3.70000000e+09 -2.77665082e+01 
 3.70500000e+09 -4.58392809e+01 
 3.71000000e+09 -5.56364856e+01 
 3.71500000e+09 -6.25331235e+01 
 3.72000000e+09 -6.77702145e+01 
 3.72500000e+09 -7.19388577e+01 
 3.73000000e+09 -7.53389185e+01 
 3.73500000e+09 -7.79479343e+01 
 3.74000000e+09 -8.12735222e+01 
 3.74500000e+09 -8.17094819e+01 
 3.75000000e+09 -8.42067554e+01 
 3.75500000e+09 -8.55621063e+01 
 3.76000000e+09 -8.69948970e+01 
 3.76500000e+09 -8.80855344e+01 
 3.77000000e+09 -8.90178070e+01 
 3.77500000e+09 -9.02118885e+01 
 3.78000000e+09 -9.10887790e+01 
 3.78500000e+09 -9.13580627e+01 
 3.79000000e+09 -9.34281044e+01 
 3.79500000e+09 -9.29496723e+01 
 3.80000000e+09 -9.40555917e+01 
 3.80500000e+09 -9.44985120e+01 
 3.81000000e+09 -9.51833863e+01 
 3.81500000e+09 -9.57801618e+01 
 3.82000000e+09 -9.59394703e+01 
 3.82500000e+09 -9.65730730e+01 
 3.83000000e+09 -9.72669518e+01 
 3.83500000e+09 -9.60036775e+01 
 3.84000000e+09 -9.81307224e+01 
 3.84500000e+09 -9.52842806e+01 
 3.85000000e+09 -9.85918016e+01 
 3.85500000e+09 -9.83463258e+01 
 3.86000000e+09 -9.73224034e+01 
 3.86500000e+09 -9.82455889e+01 
 3.87000000e+09 -9.89273625e+01 
 3.87500000e+09 -9.83171446e+01 
 3.88000000e+09 -9.88241544e+01 
 3.88500000e+09 -1.01757904e+02 
 3.89000000e+09 -8.92911688e+01 
 3.89500000e+09 -1.10221354e+02 
 3.90000000e+09 -9.99374962e+01 
 3.90500000e+09 -9.98129430e+01 
 3.91000000e+09 -9.97713270e+01 
 3.91500000e+09 -9.99632640e+01 
 3.92000000e+09 -1.00487737e+02 
 3.92500000e+09 -9.99876516e+01 
 3.93000000e+09 -1.00154356e+02 
 3.93500000e+09 -1.03083705e+02 
 3.94000000e+09 -9.83741674e+01 
 3.94500000e+09 -1.02062942e+02 
 3.95000000e+09 -1.01245438e+02 
 3.95500000e+09 -1.01617521e+02 
 3.96000000e+09 -1.02012304e+02 
 3.96500000e+09 -1.01803655e+02 
 3.97000000e+09 -1.02509715e+02 
 3.97500000e+09 -1.03012419e+02 
 3.98000000e+09 -1.02846097e+02 
 3.98500000e+09 -1.01063022e+02 
 3.99000000e+09 -1.06885150e+02 
 3.99500000e+09 -1.04034554e+02 
 4.00000000e+09 -1.06571187e+02 
 4.00500000e+09 -1.09776833e+02 
 4.01000000e+09 -1.14472333e+02 
 4.01500000e+09 -1.05083365e+02 
 4.02000000e+09 -9.43437818e+01 
 4.02500000e+09 -8.34130459e+01 
 4.03000000e+09 -6.64671327e+01 
 4.03500000e+09 -5.20050237e+01 
 4.04000000e+09 -5.17615193e+01 
 4.04500000e+09 -6.51966264e+01 
 4.05000000e+09 -8.25996634e+01 
 4.05500000e+09 -9.24024638e+01 
 4.06000000e+09 -9.98343908e+01 
 4.06500000e+09 -1.05704635e+02 
 4.07000000e+09 -1.07706875e+02 
 4.07500000e+09 -1.08131770e+02 
 4.08000000e+09 -1.05228834e+02 
 4.08500000e+09 -1.25993735e+02 
 4.09000000e+09 -1.01062593e+02 
 4.09500000e+09 -1.08139277e+02 
 4.10000000e+09 -1.06469064e+02 
 4.10500000e+09 -1.06113437e+02 
 4.11000000e+09 -1.05604107e+02 
 4.11500000e+09 -1.06250167e+02 
 4.12000000e+09 -1.05992810e+02 
 4.12500000e+09 -1.05281675e+02 
 4.13000000e+09 -1.06823652e+02 
 4.13500000e+09 -1.05168956e+02 
 4.14000000e+09 -1.05628287e+02 
 4.14500000e+09 -1.06010839e+02 
 4.15000000e+09 -1.05978387e+02 
 4.15500000e+09 -1.06244914e+02 
 4.16000000e+09 -1.06142064e+02 
 4.16500000e+09 -1.06064741e+02 
 4.17000000e+09 -1.06740099e+02 
 4.17500000e+09 -1.05716717e+02 
 4.18000000e+09 -1.07529116e+02 
 4.18500000e+09 -1.04431794e+02 
 4.19000000e+09 -1.07787589e+02 
 4.19500000e+09 -1.06223022e+02 
 4.20000000e+09 -1.06710312e+02 
 4.20500000e+09 -1.06436373e+02 
 4.21000000e+09 -1.06821045e+02 
 4.21500000e+09 -1.06039771e+02 
 4.22000000e+09 -1.06353361e+02 
 4.22500000e+09 -1.03351946e+02 
 4.23000000e+09 -8.67815132e+01 
 4.23500000e+09 -8.15239173e+01 
 4.24000000e+09 -9.03012471e+01 
 4.24500000e+09 -1.07810003e+02 
 4.25000000e+09 -1.07447964e+02 
 4.25500000e+09 -1.06954536e+02 
 4.26000000e+09 -1.07340026e+02 
 4.26500000e+09 -1.07176542e+02 
 4.27000000e+09 -1.07054108e+02 
 4.27500000e+09 -1.08047792e+02 
 4.28000000e+09 -1.06238123e+02 
 4.28500000e+09 -1.04477736e+02 
 4.29000000e+09 -1.07209269e+02 
 4.29500000e+09 -1.07642200e+02 
 4.30000000e+09 -1.07544565e+02 
 4.30500000e+09 -1.07446067e+02 
 4.31000000e+09 -1.07513781e+02 
 4.31500000e+09 -1.08099331e+02 
 4.32000000e+09 -1.07149818e+02 
 4.32500000e+09 -1.07692030e+02 
 4.33000000e+09 -1.10791351e+02 
 4.33500000e+09 -1.04043855e+02 
 4.34000000e+09 -1.08840982e+02 
 4.34500000e+09 -1.08858626e+02 
 4.35000000e+09 -1.08569549e+02 
 4.35500000e+09 -1.09217518e+02 
 4.36000000e+09 -1.09612566e+02 
 4.36500000e+09 -1.13584309e+02 
 4.37000000e+09 -1.13093458e+02 
 4.37500000e+09 -8.88865908e+01 
 4.38000000e+09 -7.46806704e+01 
 4.38500000e+09 -7.52500887e+01 
 4.39000000e+09 -8.90837337e+01 
 4.39500000e+09 -1.03405062e+02 
 4.40000000e+09 -1.07100148e+02 
 4.40500000e+09 -1.08632784e+02 
 4.41000000e+09 -1.08302052e+02 
 4.41500000e+09 -1.08759991e+02 
 4.42000000e+09 -1.09359220e+02 
 4.42500000e+09 -1.06036665e+02 
 4.43000000e+09 -1.04832102e+02 
 4.43500000e+09 -1.05708196e+02 
 4.44000000e+09 -1.08956274e+02 
 4.44500000e+09 -1.08876366e+02 
 4.45000000e+09 -1.08994696e+02 
 4.45500000e+09 -1.08656762e+02 
 4.46000000e+09 -1.09207943e+02 
 4.46500000e+09 -1.08734122e+02 
 4.47000000e+09 -1.09673634e+02 
 4.47500000e+09 -1.06029001e+02 
 4.48000000e+09 -1.17399618e+02 
 4.48500000e+09 -1.04428716e+02 
 4.49000000e+09 -1.10470616e+02 
 4.49500000e+09 -1.08946010e+02 
 4.50000000e+09 -1.09257888e+02 
 4.50500000e+09 -1.08958287e+02 
 4.51000000e+09 -1.09423186e+02 
 4.51500000e+09 -1.08823099e+02 
 4.52000000e+09 -1.08543935e+02 
 4.52500000e+09 -1.11819501e+02 
 4.53000000e+09 -1.06579674e+02 
 4.53500000e+09 -1.08334259e+02 
 4.54000000e+09 -1.08213154e+02 
 4.54500000e+09 -1.07249268e+02 
 4.55000000e+09 -1.06077569e+02 
 4.55500000e+09 -1.04168902e+02 
 4.56000000e+09 -1.00921801e+02 
 4.56500000e+09 -9.50596677e+01 
 4.57000000e+09 -8.28033515e+01 
 4.57500000e+09 -5.99639110e+01 
 4.58000000e+09 -5.62834716e+01 
 4.58500000e+09 -6.49056276e+01 
 4.59000000e+09 -8.95867631e+01 
 4.59500000e+09 -1.00607316e+02 
 4.60000000e+09 -1.05616850e+02 
 4.60500000e+09 -1.07347815e+02 
 4.61000000e+09 -1.07622281e+02 
 4.61500000e+09 -1.08809670e+02 
 4.62000000e+09 -1.08852561e+02 
 4.62500000e+09 -1.03521305e+02 
 4.63000000e+09 -1.15761426e+02 
 4.63500000e+09 -1.06857581e+02 
 4.64000000e+09 -1.08059658e+02 
 4.64500000e+09 -1.09368901e+02 
 4.65000000e+09 -1.08564008e+02 
 4.65500000e+09 -1.08734333e+02 
 4.66000000e+09 -1.08945366e+02 
 4.66500000e+09 -1.08985327e+02 
 4.67000000e+09 -1.07931916e+02 
 4.67500000e+09 -1.08339968e+02 
 4.68000000e+09 -1.03376888e+02 
 4.68500000e+09 -1.10848931e+02 
 4.69000000e+09 -1.09044956e+02 
 4.69500000e+09 -1.08987535e+02 
 4.70000000e+09 -1.09169410e+02 
 4.70500000e+09 -1.08947267e+02 
 4.71000000e+09 -1.09447748e+02 
 4.71500000e+09 -1.08278864e+02 
 4.72000000e+09 -1.01142760e+02 
 4.72500000e+09 -9.06091080e+01 
 4.73000000e+09 -9.05855208e+01 
 4.73500000e+09 -1.11248747e+02 
 4.74000000e+09 -1.11016425e+02 
 4.74500000e+09 -1.08393257e+02 
 4.75000000e+09 -1.10163332e+02 
 4.75500000e+09 -1.08271663e+02 
 4.76000000e+09 -1.08229511e+02 
 4.76500000e+09 -1.08279274e+02 
 4.77000000e+09 -1.14475825e+02 
 4.77500000e+09 -9.85528287e+01 
 4.78000000e+09 -1.09422944e+02 
 4.78500000e+09 -1.05689914e+02 
 4.79000000e+09 -1.07037407e+02 
 4.79500000e+09 -1.06508912e+02 
 4.80000000e+09 -1.05865351e+02 
 4.80500000e+09 -1.05429240e+02 
 4.81000000e+09 -1.04904046e+02 
 4.81500000e+09 -1.04688714e+02 
 4.82000000e+09 -1.03047435e+02 
 4.82500000e+09 -1.02272270e+02 
 4.83000000e+09 -1.03260949e+02 
 4.83500000e+09 -1.01643684e+02 
 4.84000000e+09 -1.01353440e+02 
 4.84500000e+09 -1.00954333e+02 
 4.85000000e+09 -9.98017068e+01 
 4.85500000e+09 -9.91521801e+01 
 4.86000000e+09 -9.84436389e+01 
 4.86500000e+09 -9.76316343e+01 
 4.87000000e+09 -9.62026704e+01 
 4.87500000e+09 -9.37873916e+01 
 4.88000000e+09 -9.37616416e+01 
 4.88500000e+09 -9.10004873e+01 
 4.89000000e+09 -8.82292134e+01 
 4.89500000e+09 -8.45608061e+01 
 4.90000000e+09 -7.97969303e+01 
 4.90500000e+09 -7.36496110e+01 
 4.91000000e+09 -6.51003264e+01 
 4.91500000e+09 -5.12420195e+01 
 4.92000000e+09 -3.00926759e+01 
 4.92500000e+09 -2.70369042e+01 
 4.93000000e+09 -3.63431942e+01 
 4.93500000e+09 -5.90791053e+01 
 4.94000000e+09 -6.97233339e+01 
 4.94500000e+09 -7.69200190e+01 
 4.95000000e+09 -8.21658495e+01 
 4.95500000e+09 -8.61544839e+01 
 4.96000000e+09 -8.94142463e+01 
 4.96500000e+09 -9.17993408e+01 
 4.97000000e+09 -9.34323691e+01 
 4.97500000e+09 -9.62986134e+01 
 4.98000000e+09 -9.62607109e+01 
 4.98500000e+09 -9.80676886e+01 
 4.99000000e+09 -9.89509067e+01 
 4.99500000e+09 -9.96148862e+01 
 5.00000000e+09 -1.00380870e+02 
 5.00500000e+09 -1.00812279e+02 
 5.01000000e+09 -1.01536750e+02 
 5.01500000e+09 -1.00904627e+02 
 5.02000000e+09 -1.03821921e+02 
 5.02500000e+09 -1.00810048e+02 
 5.03000000e+09 -1.02596582e+02 
 5.03500000e+09 -1.02734102e+02 
 5.04000000e+09 -1.03296691e+02 
 5.04500000e+09 -1.02893487e+02 
 5.05000000e+09 -1.03291979e+02 
 5.05500000e+09 -1.03336223e+02 
 5.06000000e+09 -1.03778216e+02 
 5.06500000e+09 -1.03118244e+02 
 5.07000000e+09 -1.01137747e+02 
 5.07500000e+09 -1.00786300e+02 
 5.08000000e+09 -1.04476038e+02 
 5.08500000e+09 -1.03687217e+02 
 5.09000000e+09 -1.04047492e+02 
 5.09500000e+09 -1.03524135e+02 
 5.10000000e+09 -1.04459572e+02 
 5.10500000e+09 -1.04174058e+02 
 5.11000000e+09 -1.04580962e+02 
 5.11500000e+09 -1.06355022e+02 
 5.12000000e+09 -9.39532864e+01 
 5.12500000e+09 -1.06938820e+02 
 5.13000000e+09 -1.04928349e+02 
 5.13500000e+09 -1.04653045e+02 
 5.14000000e+09 -1.04883682e+02 
 5.14500000e+09 -1.05177093e+02 
 5.15000000e+09 -1.04959687e+02 
 5.15500000e+09 -1.05278413e+02 
 5.16000000e+09 -1.04937675e+02 
 5.16500000e+09 -1.04619209e+02 
 5.17000000e+09 -1.03823759e+02 
 5.17500000e+09 -1.03857413e+02 
 5.18000000e+09 -1.05407575e+02 
 5.18500000e+09 -1.05655826e+02 
 5.19000000e+09 -1.04961131e+02 
 5.19500000e+09 -1.05248952e+02 
 5.20000000e+09 -1.04880949e+02 
 5.20500000e+09 -1.04922693e+02 
 5.21000000e+09 -1.04410875e+02 
 5.21500000e+09 -1.01922185e+02 
 5.22000000e+09 -1.08243722e+02 
 5.22500000e+09 -1.01783879e+02 
 5.23000000e+09 -1.01905391e+02 
 5.23500000e+09 -1.01299495e+02 
 5.24000000e+09 -9.91354227e+01 
 5.24500000e+09 -9.61165571e+01 
 5.25000000e+09 -9.07948398e+01 
 5.25500000e+09 -8.26749398e+01 
 5.26000000e+09 -6.85702522e+01 
 5.26500000e+09 -4.91829717e+01 
 5.27000000e+09 -4.67150403e+01 
 5.27500000e+09 -5.67752912e+01 
 5.28000000e+09 -7.79152840e+01 
 5.28500000e+09 -8.77498213e+01 
 5.29000000e+09 -9.39094761e+01 
 5.29500000e+09 -9.76940288e+01 
 5.30000000e+09 -1.00434538e+02 
 5.30500000e+09 -1.01928738e+02 
 5.31000000e+09 -1.04424571e+02 
 5.31500000e+09 -1.01004310e+02 
 5.32000000e+09 -1.05980527e+02 
 5.32500000e+09 -1.04828896e+02 
 5.33000000e+09 -1.05884714e+02 
 5.33500000e+09 -1.05732622e+02 
 5.34000000e+09 -1.06332173e+02 
 5.34500000e+09 -1.06175724e+02 
 5.35000000e+09 -1.06877936e+02 
 5.35500000e+09 -1.06411626e+02 
 5.36000000e+09 -1.07963143e+02 
 5.36500000e+09 -1.03548148e+02 
 5.37000000e+09 -1.09675957e+02 
 5.37500000e+09 -1.05760651e+02 
 5.38000000e+09 -1.07637430e+02 
 5.38500000e+09 -1.07022894e+02 
 5.39000000e+09 -1.07404360e+02 
 5.39500000e+09 -1.07193831e+02 
 5.40000000e+09 -1.07543417e+02 
 5.40500000e+09 -1.07703319e+02 
 5.41000000e+09 -1.06684537e+02 
 5.41500000e+09 -1.07738101e+02 
 5.42000000e+09 -1.08541262e+02 
 5.42500000e+09 -1.06791354e+02 
 5.43000000e+09 -1.07802601e+02 
 5.43500000e+09 -1.07761647e+02 
 5.44000000e+09 -1.08073558e+02 
 5.44500000e+09 -1.07496728e+02 
 5.45000000e+09 -1.07612934e+02 
 5.45500000e+09 -1.08584126e+02 
 5.46000000e+09 -8.44744771e+01 
 5.46500000e+09 -7.76895927e+01 
 5.47000000e+09 -8.33265178e+01 
 5.47500000e+09 -1.06542217e+02 
 5.48000000e+09 -1.07375852e+02 
 5.48500000e+09 -1.08169027e+02 
 5.49000000e+09 -1.07792198e+02 
 5.49500000e+09 -1.08407257e+02 
 5.50000000e+09 -1.07859754e+02 
 5.50500000e+09 -1.08803374e+02 
 5.51000000e+09 -1.09022928e+02 
 5.51500000e+09 -1.04881075e+02 
 5.52000000e+09 -1.09062311e+02 
 5.52500000e+09 -1.09287125e+02 
 5.53000000e+09 -1.08319746e+02 
 5.53500000e+09 -1.08724564e+02 
 5.54000000e+09 -1.08198142e+02 
 5.54500000e+09 -1.08723588e+02 
 5.55000000e+09 -1.08671976e+02 
 5.55500000e+09 -1.08354369e+02 
 5.56000000e+09 -1.04392411e+02 
 5.56500000e+09 -1.15414036e+02 
 5.57000000e+09 -1.05108353e+02 
 5.57500000e+09 -1.08729978e+02 
 5.58000000e+09 -1.08471960e+02 
 5.58500000e+09 -1.08663810e+02 
 5.59000000e+09 -1.08478090e+02 
 5.59500000e+09 -1.08461501e+02 
 5.60000000e+09 -1.05838034e+02 
 5.60500000e+09 -9.14488263e+01 
 5.61000000e+09 -7.29313099e+01 
 5.61500000e+09 -7.12157109e+01 
 5.62000000e+09 -8.16946981e+01 
 5.62500000e+09 -9.88604793e+01 
 5.63000000e+09 -1.04606849e+02 
 5.63500000e+09 -1.06566740e+02 
 5.64000000e+09 -1.07786910e+02 
 5.64500000e+09 -1.07754624e+02 
 5.65000000e+09 -1.08942058e+02 
 5.65500000e+09 -1.07391909e+02 
 5.66000000e+09 -1.21247559e+02 
 5.66500000e+09 -1.03715779e+02 
 5.67000000e+09 -1.10876844e+02 
 5.67500000e+09 -1.08921462e+02 
 5.68000000e+09 -1.09586617e+02 
 5.68500000e+09 -1.08823931e+02 
 5.69000000e+09 -1.09362015e+02 
 5.69500000e+09 -1.09027162e+02 
 5.70000000e+09 -1.09161099e+02 
 5.70500000e+09 -1.12227475e+02 
 5.71000000e+09 -1.04870272e+02 
 5.71500000e+09 -1.12575056e+02 
 5.72000000e+09 -1.09316246e+02 
 5.72500000e+09 -1.09150416e+02 
 5.73000000e+09 -1.09479978e+02 
 5.73500000e+09 -1.08959865e+02 
 5.74000000e+09 -1.09022145e+02 
 5.74500000e+09 -1.09797012e+02 
 5.75000000e+09 -1.08345180e+02 
 5.75500000e+09 -1.08254883e+02 
 5.76000000e+09 -1.08775113e+02 
 5.76500000e+09 -1.06337829e+02 
 5.77000000e+09 -1.09100281e+02 
 5.77500000e+09 -1.09333938e+02 
 5.78000000e+09 -1.09059839e+02 
 5.78500000e+09 -1.09363829e+02 
 5.79000000e+09 -1.08572318e+02 
 5.79500000e+09 -1.09766780e+02 
 5.80000000e+09 -1.08320291e+02 
 5.80500000e+09 -6.79579271e+01 
 5.81000000e+09 -6.18676027e+01 
 5.81500000e+09 -6.78984804e+01 
 5.82000000e+09 -1.07401786e+02 
 5.82500000e+09 -1.08396242e+02 
 5.83000000e+09 -1.08260801e+02 
 5.83500000e+09 -1.09237116e+02 
 5.84000000e+09 -1.08444779e+02 
 5.84500000e+09 -1.08692415e+02 
 5.85000000e+09 -1.09685718e+02 
 5.85500000e+09 -1.09262043e+02 
 5.86000000e+09 -1.06590002e+02 
 5.86500000e+09 -1.10317274e+02 
 5.87000000e+09 -1.08491718e+02 
 5.87500000e+09 -1.09161049e+02 
 5.88000000e+09 -1.08485927e+02 
 5.88500000e+09 -1.08605733e+02 
 5.89000000e+09 -1.08796211e+02 
 5.89500000e+09 -1.08034328e+02 
 5.90000000e+09 -1.09999868e+02 
 5.90500000e+09 -1.04984391e+02 
 5.91000000e+09 -1.09208994e+02 
 5.91500000e+09 -1.07105849e+02 
 5.92000000e+09 -1.07949049e+02 
 5.92500000e+09 -1.08124430e+02 
 5.93000000e+09 -1.07875252e+02 
 5.93500000e+09 -1.07068119e+02 
 5.94000000e+09 -1.07861495e+02 
 5.94500000e+09 -1.06795370e+02 
 5.95000000e+09 -1.04551807e+02 
 5.95500000e+09 -8.94624940e+01 
 5.96000000e+09 -8.86120817e+01 
 5.96500000e+09 -9.75710181e+01 
 5.97000000e+09 -1.05464974e+02 
 5.97500000e+09 -1.06212334e+02 
 5.98000000e+09 -1.04906501e+02 
 5.98500000e+09 -1.06184566e+02 
 5.99000000e+09 -1.06153217e+02 
 5.99500000e+09 -1.05296274e+02 
 6.00000000e+09 -1.02856849e+02 
 6.00500000e+09 -1.21989014e+02 
 6.01000000e+09 -9.93724654e+01 
 6.01500000e+09 -1.05621122e+02 
 6.02000000e+09 -1.05269632e+02 
 6.02500000e+09 -1.04429843e+02 
 6.03000000e+09 -1.04555192e+02 
 6.03500000e+09 -1.04305169e+02 
 6.04000000e+09 -1.04157546e+02 
 6.04500000e+09 -1.04161282e+02 
 6.05000000e+09 -1.03309113e+02 
 6.05500000e+09 -1.02723798e+02 
 6.06000000e+09 -1.04079450e+02 
 6.06500000e+09 -1.02837929e+02 
 6.07000000e+09 -1.03669753e+02 
 6.07500000e+09 -1.03910016e+02 
 6.08000000e+09 -1.03593821e+02 
 6.08500000e+09 -1.03450023e+02 
 6.09000000e+09 -1.04277755e+02 
 6.09500000e+09 -1.05106515e+02 
 6.10000000e+09 -1.01157137e+02 
 6.10500000e+09 -1.05242565e+02 
 6.11000000e+09 -1.04432208e+02 
 6.11500000e+09 -1.03584009e+02 
 6.12000000e+09 -1.01187618e+02 
 6.12500000e+09 -9.68320643e+01 
 6.13000000e+09 -9.16573808e+01 
 6.13500000e+09 -8.53155960e+01 
 6.14000000e+09 -7.70461121e+01 
 6.14500000e+09 -6.45554503e+01 
 6.15000000e+09 -2.93184940e+01 
 6.15500000e+09 -2.39296073e+01 
 6.16000000e+09 -3.05395760e+01 
 6.16500000e+09 -6.72978496e+01 
 6.17000000e+09 -7.93506336e+01 
 6.17500000e+09 -8.71336705e+01 
 6.18000000e+09 -9.23048464e+01 
 6.18500000e+09 -9.64649286e+01 
 6.19000000e+09 -9.97368639e+01 
 6.19500000e+09 -1.01173692e+02 
 6.20000000e+09 -1.07225262e+02 
 6.20500000e+09 -1.00053358e+02 
 6.21000000e+09 -1.09558502e+02 
 6.21500000e+09 -1.05217619e+02 
 6.22000000e+09 -1.05368902e+02 
 6.22500000e+09 -1.06829854e+02 
 6.23000000e+09 -1.06332896e+02 
 6.23500000e+09 -1.06467090e+02 
 6.24000000e+09 -1.07135098e+02 
 6.24500000e+09 -1.07339939e+02 
 6.25000000e+09 -1.05967352e+02 
 6.25500000e+09 -1.06860605e+02 
 6.26000000e+09 -1.07381303e+02 
 6.26500000e+09 -1.08316527e+02 
 6.27000000e+09 -1.07610288e+02 
 6.27500000e+09 -1.08368880e+02 
 6.28000000e+09 -1.08298987e+02 
 6.28500000e+09 -1.08499596e+02 
 6.29000000e+09 -1.08793076e+02 
 6.29500000e+09 -1.06038207e+02 
 6.30000000e+09 -1.05999471e+02 
 6.30500000e+09 -9.89608474e+01 
 6.31000000e+09 -1.16830637e+02 
 6.31500000e+09 -1.11517595e+02 
 6.32000000e+09 -1.10002185e+02 
 6.32500000e+09 -1.06522709e+02 
 6.33000000e+09 -1.18607964e+02 
 6.33500000e+09 -1.10564777e+02 
 6.34000000e+09 -1.13848389e+02 
 6.34500000e+09 -1.13565077e+02 
 6.35000000e+09 -9.51510114e+01 
 6.35500000e+09 -1.00362450e+02 
 6.36000000e+09 -1.09159530e+02 
 6.36500000e+09 -1.12724747e+02 
 6.37000000e+09 -1.13291953e+02 
 6.37500000e+09 -1.14052723e+02 
 6.38000000e+09 -1.15393887e+02 
 6.38500000e+09 -1.13530138e+02 
 6.39000000e+09 -1.15658158e+02 
 6.39500000e+09 -1.17616715e+02 
 6.40000000e+09 -1.07164361e+02 
 6.40500000e+09 -1.16713728e+02 
 6.41000000e+09 -1.15415524e+02 
 6.41500000e+09 -1.16250162e+02 
 6.42000000e+09 -1.17703597e+02 
 6.42500000e+09 -1.16426850e+02 
 6.43000000e+09 -1.18788945e+02 
 6.43500000e+09 -1.17233312e+02 
 6.44000000e+09 -1.17386645e+02 
 6.44500000e+09 -1.14294383e+02 
 6.45000000e+09 -1.18100951e+02 
 6.45500000e+09 -1.12748680e+02 
 6.46000000e+09 -1.22386631e+02 
 6.46500000e+09 -1.24737126e+02 
 6.47000000e+09 -1.26928445e+02 
 6.47500000e+09 -1.19347166e+02 
 6.48000000e+09 -1.09619626e+02 
 6.48500000e+09 -9.99840028e+01 
 6.49000000e+09 -8.71760323e+01 
 6.49500000e+09 -5.76547286e+01 
 6.50000000e+09 -5.28918890e+01 
 6.50500000e+09 -6.01600855e+01 
 6.51000000e+09 -9.05904313e+01 
 6.51500000e+09 -1.01348671e+02 
 6.52000000e+09 -1.09015173e+02 
 6.52500000e+09 -1.13905423e+02 
 6.53000000e+09 -1.17191417e+02 
 6.53500000e+09 -1.20258963e+02 
 6.54000000e+09 -1.18957050e+02 
 6.54500000e+09 -1.12918416e+02 
 6.55000000e+09 -1.09234311e+02 
 6.55500000e+09 -1.17367467e+02 
 6.56000000e+09 -1.24902956e+02 
 6.56500000e+09 -1.23923241e+02 
 6.57000000e+09 -1.23954852e+02 
 6.57500000e+09 -1.27062961e+02 
 6.58000000e+09 -1.22291881e+02 
 6.58500000e+09 -1.26625341e+02 
 6.59000000e+09 -1.24842294e+02 
 6.59500000e+09 -1.16746276e+02 
 6.60000000e+09 -1.22682991e+02 
 6.60500000e+09 -1.22454165e+02 
 6.61000000e+09 -1.23676472e+02 
 6.61500000e+09 -1.29080180e+02 
 6.62000000e+09 -1.25282025e+02 
 6.62500000e+09 -1.29537317e+02 
 6.63000000e+09 -1.24624759e+02 
 6.63500000e+09 -1.25822674e+02 
 6.64000000e+09 -1.24713862e+02 
 6.64500000e+09 -1.20613346e+02 
 6.65000000e+09 -1.14465113e+02 
 6.65500000e+09 -1.39158636e+02 
 6.66000000e+09 -1.26430836e+02 
 6.66500000e+09 -1.31715877e+02 
 6.67000000e+09 -1.27774576e+02 
 6.67500000e+09 -1.28521475e+02 
 6.68000000e+09 -1.24327463e+02 
 6.68500000e+09 -1.20222877e+02 
 6.69000000e+09 -9.51900503e+01 
 6.69500000e+09 -8.57459284e+01 
 6.70000000e+09 -8.88061732e+01 
 6.70500000e+09 -1.09133666e+02 
 6.71000000e+09 -1.19398445e+02 
 6.71500000e+09 -1.25333557e+02 
 6.72000000e+09 -1.27058730e+02 
 6.72500000e+09 -1.26497378e+02 
 6.73000000e+09 -1.29937458e+02 
 6.73500000e+09 -1.24084242e+02 
 6.74000000e+09 -1.19954897e+02 
 6.74500000e+09 -1.11074403e+02 
 6.75000000e+09 -1.14768479e+02 
 6.75500000e+09 -1.25983152e+02 
 6.76000000e+09 -1.29425249e+02 
 6.76500000e+09 -1.28886277e+02 
 6.77000000e+09 -1.29677443e+02 
 6.77500000e+09 -1.25614330e+02 
 6.78000000e+09 -1.33414356e+02 
 6.78500000e+09 -1.25292400e+02 
 6.79000000e+09 -1.16601688e+02 
 6.79500000e+09 -1.15422604e+02 
 6.80000000e+09 -1.17771517e+02 
 6.80500000e+09 -1.23913254e+02 
 6.81000000e+09 -1.28567595e+02 
 6.81500000e+09 -1.25155326e+02 
 6.82000000e+09 -1.26001258e+02 
 6.82500000e+09 -1.20470913e+02 
 6.83000000e+09 -1.18208620e+02 
 6.83500000e+09 -1.06692276e+02 
 6.84000000e+09 -8.19575447e+01 
 6.84500000e+09 -7.77456388e+01 
 6.85000000e+09 -8.57701356e+01 
 6.85500000e+09 -1.13444521e+02 
 6.86000000e+09 -1.22619479e+02 
 6.86500000e+09 -1.25586469e+02 
 6.87000000e+09 -1.26987774e+02 
 6.87500000e+09 -1.24752715e+02 
 6.88000000e+09 -1.23843775e+02 
 6.88500000e+09 -1.35371960e+02 
 6.89000000e+09 -1.10582092e+02 
 6.89500000e+09 -1.11506000e+02 
 6.90000000e+09 -1.20570838e+02 
 6.90500000e+09 -1.23891432e+02 
 6.91000000e+09 -1.25483155e+02 
 6.91500000e+09 -1.25001420e+02 
 6.92000000e+09 -1.23527736e+02 
 6.92500000e+09 -1.25326483e+02 
 6.93000000e+09 -1.22345887e+02 
 6.93500000e+09 -1.30972727e+02 
 6.94000000e+09 -1.11184108e+02 
 6.94500000e+09 -1.12028596e+02 
 6.95000000e+09 -1.16711340e+02 
 6.95500000e+09 -1.24454771e+02 
 6.96000000e+09 -1.22804876e+02 
 6.96500000e+09 -1.23323941e+02 
 6.97000000e+09 -1.21186829e+02 
 6.97500000e+09 -1.24137510e+02 
 6.98000000e+09 -1.20882030e+02 
 6.98500000e+09 -1.17866791e+02 
 6.99000000e+09 -1.30314496e+02 
 6.99500000e+09 -1.16214693e+02 
 7.00000000e+09 -1.18213818e+02 
 7.00500000e+09 -1.19532228e+02 
 7.01000000e+09 -1.16919277e+02 
 7.01500000e+09 -1.14841283e+02 
 7.02000000e+09 -1.10564681e+02 
 7.02500000e+09 -1.05014655e+02 
 7.03000000e+09 -9.52243665e+01 
 7.03500000e+09 -7.09489308e+01 
 7.04000000e+09 -6.23459652e+01 
 7.04500000e+09 -6.59212734e+01 
 7.05000000e+09 -8.92817626e+01 
 7.05500000e+09 -1.02524454e+02 
 7.06000000e+09 -1.11422593e+02 
 7.06500000e+09 -1.16062492e+02 
 7.07000000e+09 -1.18293217e+02 
 7.07500000e+09 -1.17340827e+02 
 7.08000000e+09 -1.21099817e+02 
 7.08500000e+09 -1.13379743e+02 
 7.09000000e+09 -1.08894654e+02 
 7.09500000e+09 -1.16011792e+02 
 7.10000000e+09 -1.18495883e+02 
 7.10500000e+09 -1.17919413e+02 
 7.11000000e+09 -1.19663562e+02 
 7.11500000e+09 -1.17793067e+02 
 7.12000000e+09 -1.18522784e+02 
 7.12500000e+09 -1.17667916e+02 
 7.13000000e+09 -1.20733344e+02 
 7.13500000e+09 -1.09252101e+02 
 7.14000000e+09 -1.12406017e+02 
 7.14500000e+09 -1.09455130e+02 
 7.15000000e+09 -1.18975372e+02 
 7.15500000e+09 -1.16843796e+02 
 7.16000000e+09 -1.17354410e+02 
 7.16500000e+09 -1.16053426e+02 
 7.17000000e+09 -1.16217026e+02 
 7.17500000e+09 -1.15153580e+02 
 7.18000000e+09 -1.11415734e+02 
 7.18500000e+09 -9.39774814e+01 
 7.19000000e+09 -9.00006550e+01 
 7.19500000e+09 -9.89489904e+01 
 7.20000000e+09 -1.14878790e+02 
 7.20500000e+09 -1.15690389e+02 
 7.21000000e+09 -1.12412060e+02 
 7.21500000e+09 -1.17742353e+02 
 7.22000000e+09 -1.13636683e+02 
 7.22500000e+09 -1.14127467e+02 
 7.23000000e+09 -1.10722963e+02 
 7.23500000e+09 -1.09549419e+02 
 7.24000000e+09 -1.04053455e+02 
 7.24500000e+09 -1.14988503e+02 
 7.25000000e+09 -1.13278933e+02 
 7.25500000e+09 -1.13657292e+02 
 7.26000000e+09 -1.12736520e+02 
 7.26500000e+09 -1.12984733e+02 
 7.27000000e+09 -1.12119034e+02 
 7.27500000e+09 -1.13057208e+02 
 7.28000000e+09 -1.12692941e+02 
 7.28500000e+09 -1.06950370e+02 
 7.29000000e+09 -1.21536808e+02 
 7.29500000e+09 -1.10598243e+02 
 7.30000000e+09 -1.10199555e+02 
 7.30500000e+09 -1.11305319e+02 
 7.31000000e+09 -1.10068367e+02 
 7.31500000e+09 -1.09428851e+02 
 7.32000000e+09 -1.08569654e+02 
 7.32500000e+09 -1.07886644e+02 
 7.33000000e+09 -1.04297312e+02 
 7.33500000e+09 -1.13852245e+02 
 7.34000000e+09 -9.92828237e+01 
 7.34500000e+09 -1.02126070e+02 
 7.35000000e+09 -9.84736123e+01 
 7.35500000e+09 -9.53632745e+01 
 7.36000000e+09 -9.10787849e+01 
 7.36500000e+09 -8.55474377e+01 
 7.37000000e+09 -7.82044086e+01 
 7.37500000e+09 -6.71428427e+01 
 7.38000000e+09 -4.01277144e+01 
 7.38500000e+09 -3.21989879e+01 
 7.39000000e+09 -3.63870863e+01 
 7.39500000e+09 -6.21610768e+01 
 7.40000000e+09 -7.51330388e+01 
 7.40500000e+09 -8.34681360e+01 
 7.41000000e+09 -8.98152698e+01 
 7.41500000e+09 -9.46476484e+01 
 7.42000000e+09 -9.84331845e+01 
 7.42500000e+09 -1.01236753e+02 
 7.43000000e+09 -1.03970862e+02 
 7.43500000e+09 -1.02956829e+02 
 7.44000000e+09 -1.07657155e+02 
 7.44500000e+09 -1.05918817e+02 
 7.45000000e+09 -1.06914439e+02 
 7.45500000e+09 -1.07696390e+02 
 7.46000000e+09 -1.08200621e+02 
 7.46500000e+09 -1.07879364e+02 
 7.47000000e+09 -1.09347122e+02 
 7.47500000e+09 -1.09710438e+02 
 7.48000000e+09 -1.05250720e+02 
 7.48500000e+09 -1.09095754e+02 
 7.49000000e+09 -1.08314133e+02 
 7.49500000e+09 -1.10525194e+02 
 7.50000000e+09 -1.11301907e+02 
 7.50500000e+09 -1.11064098e+02 
 7.51000000e+09 -1.12222105e+02 
 7.51500000e+09 -1.12000733e+02 
 7.52000000e+09 -1.12379101e+02 
 7.52500000e+09 -1.11841925e+02 
 7.53000000e+09 -1.10022189e+02 
 7.53500000e+09 -1.00521166e+02 
 7.54000000e+09 -1.24487815e+02 
 7.54500000e+09 -1.15796903e+02 
 7.55000000e+09 -1.16529281e+02 
 7.55500000e+09 -1.14262206e+02 
 7.56000000e+09 -1.15313833e+02 
 7.56500000e+09 -1.17085153e+02 
 7.57000000e+09 -1.16550233e+02 
 7.57500000e+09 -1.18887986e+02 
 7.58000000e+09 -9.90547008e+01 
 7.58500000e+09 -1.01023013e+02 
 7.59000000e+09 -1.11531241e+02 
 7.59500000e+09 -1.16106018e+02 
 7.60000000e+09 -1.16680758e+02 
 7.60500000e+09 -1.17467496e+02 
 7.61000000e+09 -1.16325386e+02 
 7.61500000e+09 -1.18191038e+02 
 7.62000000e+09 -1.17178977e+02 
 7.62500000e+09 -1.22478506e+02 
 7.63000000e+09 -1.06611243e+02 
 7.63500000e+09 -1.12967986e+02 
 7.64000000e+09 -1.14254784e+02 
 7.64500000e+09 -1.17503232e+02 
 7.65000000e+09 -1.16290367e+02 
 7.65500000e+09 -1.17700451e+02 
 7.66000000e+09 -1.16737435e+02 
 7.66500000e+09 -1.16507437e+02 
 7.67000000e+09 -1.17149972e+02 
 7.67500000e+09 -1.11829483e+02 
 7.68000000e+09 -1.12224194e+02 
 7.68500000e+09 -1.09237801e+02 
 7.69000000e+09 -1.14113885e+02 
 7.69500000e+09 -1.13233642e+02 
 7.70000000e+09 -1.10311296e+02 
 7.70500000e+09 -1.06786454e+02 
 7.71000000e+09 -1.02378286e+02 
 7.71500000e+09 -9.51021032e+01 
 7.72000000e+09 -8.38502328e+01 
 7.72500000e+09 -5.34223267e+01 
 7.73000000e+09 -4.61847524e+01 
 7.73500000e+09 -5.09791037e+01 
 7.74000000e+09 -8.04470594e+01 
 7.74500000e+09 -9.34767775e+01 
 7.75000000e+09 -1.02085822e+02 
 7.75500000e+09 -1.08347658e+02 
 7.76000000e+09 -1.12600469e+02 
 7.76500000e+09 -1.14778283e+02 
 7.77000000e+09 -1.15616800e+02 
 7.77500000e+09 -1.15081746e+02 
 7.78000000e+09 -1.06132577e+02 
 7.78500000e+09 -1.19503909e+02 
 7.79000000e+09 -1.19059897e+02 
 7.79500000e+09 -1.17015704e+02 
 7.80000000e+09 -1.17628678e+02 
 7.80500000e+09 -1.16876983e+02 
 7.81000000e+09 -1.18321044e+02 
 7.81500000e+09 -1.18357580e+02 
 7.82000000e+09 -1.18070133e+02 
 7.82500000e+09 -1.09401271e+02 
 7.83000000e+09 -1.11900538e+02 
 7.83500000e+09 -1.11191073e+02 
 7.84000000e+09 -1.19939406e+02 
 7.84500000e+09 -1.18954834e+02 
 7.85000000e+09 -1.19655731e+02 
 7.85500000e+09 -1.20015392e+02 
 7.86000000e+09 -1.19702275e+02 
 7.86500000e+09 -1.21611699e+02 
 7.87000000e+09 -1.17538884e+02 
 7.87500000e+09 -1.21356403e+02 
 7.88000000e+09 -1.12286333e+02 
 7.88500000e+09 -1.27214312e+02 
 7.89000000e+09 -1.21908009e+02 
 7.89500000e+09 -1.22888450e+02 
 7.90000000e+09 -1.25423710e+02 
 7.90500000e+09 -1.23699631e+02 
 7.91000000e+09 -1.32336814e+02 
 7.91500000e+09 -1.18710682e+02 
 7.92000000e+09 -9.77219017e+01 
 7.92500000e+09 -8.44936623e+01 
 7.93000000e+09 -8.54262436e+01 
 7.93500000e+09 -1.00280427e+02 
 7.94000000e+09 -1.13669098e+02 
 7.94500000e+09 -1.21364436e+02 
 7.95000000e+09 -1.21520317e+02 
 7.95500000e+09 -1.23900854e+02 
 7.96000000e+09 -1.24495733e+02 
 7.96500000e+09 -1.25364995e+02 
 7.97000000e+09 -1.25715278e+02 
 7.97500000e+09 -1.09592272e+02 
 7.98000000e+09 -1.19240712e+02 
 7.98500000e+09 -1.24849994e+02 
 7.99000000e+09 -1.23913804e+02 
 7.99500000e+09 -1.24964309e+02 
 8.00000000e+09 -1.25056594e+02 
 8.00500000e+09 -1.23718907e+02 
 8.01000000e+09 -1.27491761e+02 
 8.01500000e+09 -1.22650468e+02 
 8.02000000e+09 -1.17089890e+02 
 8.02500000e+09 -1.08592297e+02 
 8.03000000e+09 -1.10953559e+02 
 8.03500000e+09 -1.23310886e+02 
 8.04000000e+09 -1.27959939e+02 
 8.04500000e+09 -1.23539930e+02 
 8.05000000e+09 -1.26115335e+02 
 8.05500000e+09 -1.22795495e+02 
 8.06000000e+09 -1.21843596e+02 
 8.06500000e+09 -1.10875183e+02 
 8.07000000e+09 -7.56400548e+01 
 8.07500000e+09 -6.90687965e+01 
 8.08000000e+09 -7.44795127e+01 
 8.08500000e+09 -1.09622620e+02 
 8.09000000e+09 -1.21484733e+02 
 8.09500000e+09 -1.24665521e+02 
 8.10000000e+09 -1.25742292e+02 
 8.10500000e+09 -1.27308124e+02 
 8.11000000e+09 -1.26159602e+02 
 8.11500000e+09 -1.28842573e+02 
 8.12000000e+09 -1.15924607e+02 
 8.12500000e+09 -1.10318852e+02 
 8.13000000e+09 -1.18701347e+02 
 8.13500000e+09 -1.26070475e+02 
 8.14000000e+09 -1.30150585e+02 
 8.14500000e+09 -1.30408278e+02 
 8.15000000e+09 -1.27458248e+02 
 8.15500000e+09 -1.34093346e+02 
 8.16000000e+09 -1.29444396e+02 
 8.16500000e+09 -1.30295162e+02 
 8.17000000e+09 -1.11338011e+02 
 8.17500000e+09 -1.11226760e+02 
 8.18000000e+09 -1.23078767e+02 
 8.18500000e+09 -1.32015942e+02 
 8.19000000e+09 -1.30935276e+02 
 8.19500000e+09 -1.38905316e+02 
 8.20000000e+09 -1.30339136e+02 
 8.20500000e+09 -1.41626898e+02 
 8.21000000e+09 -1.31730743e+02 
 8.21500000e+09 -1.28924033e+02 
 8.22000000e+09 -1.10776177e+02 
 8.22500000e+09 -1.09174111e+02 
 8.23000000e+09 -1.19899189e+02 
 8.23500000e+09 -1.27892357e+02 
 8.24000000e+09 -1.29884752e+02 
 8.24500000e+09 -1.20042361e+02 
 8.25000000e+09 -1.15042108e+02 
 8.25500000e+09 -1.07176648e+02 
 8.26000000e+09 -9.73666386e+01 
 8.26500000e+09 -7.82523024e+01 
 8.27000000e+09 -6.65628103e+01 
 8.27500000e+09 -6.79028706e+01 
 8.28000000e+09 -8.44927942e+01 
 8.28500000e+09 -9.98401414e+01 
 8.29000000e+09 -1.08671501e+02 
 8.29500000e+09 -1.16572160e+02 
 8.30000000e+09 -1.20257941e+02 
 8.30500000e+09 -1.27209403e+02 
 8.31000000e+09 -1.26484261e+02 
 8.31500000e+09 -1.27552781e+02 
 8.32000000e+09 -1.13273601e+02 
 8.32500000e+09 -1.15073161e+02 
 8.33000000e+09 -1.29978260e+02 
 8.33500000e+09 -1.45340058e+02 
 8.34000000e+09 -1.32919075e+02 
 8.34500000e+09 -1.42149169e+02 
 8.35000000e+09 -1.38792083e+02 
 8.35500000e+09 -1.34301435e+02 
 8.36000000e+09 -1.38229191e+02 
 8.36500000e+09 -1.16593650e+02 
 8.37000000e+09 -1.11795276e+02 
 8.37500000e+09 -1.16641395e+02 
 8.38000000e+09 -1.31711109e+02 
 8.38500000e+09 -1.38084333e+02 
 8.39000000e+09 -1.31890190e+02 
 8.39500000e+09 -1.29238642e+02 
 8.40000000e+09 -1.37771534e+02 
 8.40500000e+09 -1.27644122e+02 
 8.41000000e+09 -1.34674742e+02 
 8.41500000e+09 -9.39933317e+01 
 8.42000000e+09 -8.81431364e+01 
 8.42500000e+09 -9.40623178e+01 
 8.43000000e+09 -1.27875656e+02 
 8.43500000e+09 -1.27024054e+02 
 8.44000000e+09 -1.23905406e+02 
 8.44500000e+09 -1.21520341e+02 
 8.45000000e+09 -1.28035728e+02 
 8.45500000e+09 -1.23086376e+02 
 8.46000000e+09 -1.20154339e+02 
 8.46500000e+09 -1.13089430e+02 
 8.47000000e+09 -1.07489233e+02 
 8.47500000e+09 -1.25908003e+02 
 8.48000000e+09 -1.26699215e+02 
 8.48500000e+09 -1.21361648e+02 
 8.49000000e+09 -1.23681896e+02 
 8.49500000e+09 -1.21468284e+02 
 8.50000000e+09 -1.20844939e+02 
 8.50500000e+09 -1.21672560e+02 
 8.51000000e+09 -1.18968118e+02 
 8.51500000e+09 -1.12264655e+02 
 8.52000000e+09 -1.16861810e+02 
 8.52500000e+09 -1.13884155e+02 
 8.53000000e+09 -1.15838907e+02 
 8.53500000e+09 -1.14143521e+02 
 8.54000000e+09 -1.13167436e+02 
 8.54500000e+09 -1.12160673e+02 
 8.55000000e+09 -1.09779848e+02 
 8.55500000e+09 -1.08993921e+02 
 8.56000000e+09 -1.05492377e+02 
 8.56500000e+09 -1.09570996e+02 
 8.57000000e+09 -9.98657832e+01 
 8.57500000e+09 -1.00949065e+02 
 8.58000000e+09 -9.74200596e+01 
 8.58500000e+09 -9.39454957e+01 
 8.59000000e+09 -8.96132075e+01 
 8.59500000e+09 -8.42256129e+01 
 8.60000000e+09 -7.71899451e+01 
 8.60500000e+09 -6.70483583e+01 
 8.61000000e+09 -4.69906119e+01 
 8.61500000e+09 -3.61544042e+01 
 8.62000000e+09 -3.80733395e+01 
 8.62500000e+09 -5.60161821e+01 
 8.63000000e+09 -7.07862500e+01 
 8.63500000e+09 -7.97493150e+01 
 8.64000000e+09 -8.63206705e+01 
 8.64500000e+09 -9.14117834e+01 
 8.65000000e+09 -9.55026376e+01 
 8.65500000e+09 -9.87375073e+01 
 8.66000000e+09 -1.01881873e+02 
 8.66500000e+09 -1.01748770e+02 
 8.67000000e+09 -1.06930108e+02 
 8.67500000e+09 -1.06074169e+02 
 8.68000000e+09 -1.06625391e+02 
 8.68500000e+09 -1.08489325e+02 
 8.69000000e+09 -1.08487364e+02 
 8.69500000e+09 -1.09123559e+02 
 8.70000000e+09 -1.09890321e+02 
 8.70500000e+09 -1.10277562e+02 
 8.71000000e+09 -1.07780925e+02 
 8.71500000e+09 -1.12600521e+02 
 8.72000000e+09 -1.07856994e+02 
 8.72500000e+09 -1.12564600e+02 
 8.73000000e+09 -1.11509950e+02 
 8.73500000e+09 -1.13032686e+02 
 8.74000000e+09 -1.13044491e+02 
 8.74500000e+09 -1.12871980e+02 
 8.75000000e+09 -1.13590472e+02 
 8.75500000e+09 -1.13024092e+02 
 8.76000000e+09 -1.07764172e+02 
 8.76500000e+09 -9.82107907e+01 
 8.77000000e+09 -1.10758083e+02 
 8.77500000e+09 -1.15789666e+02 
 8.78000000e+09 -1.14912634e+02 
 8.78500000e+09 -1.13017472e+02 
 8.79000000e+09 -1.13235484e+02 
 8.79500000e+09 -1.17124526e+02 
 8.80000000e+09 -1.17006705e+02 
 8.80500000e+09 -1.17722925e+02 
 8.81000000e+09 -1.01089440e+02 
 8.81500000e+09 -9.97216366e+01 
 8.82000000e+09 -1.08118677e+02 
 8.82500000e+09 -1.15946135e+02 
 8.83000000e+09 -1.16836400e+02 
 8.83500000e+09 -1.15825658e+02 
 8.84000000e+09 -1.17117415e+02 
 8.84500000e+09 -1.16135455e+02 
 8.85000000e+09 -1.16184310e+02 
 8.85500000e+09 -1.18844530e+02 
 8.86000000e+09 -1.07990925e+02 
 8.86500000e+09 -1.18325441e+02 
 8.87000000e+09 -1.13408300e+02 
 8.87500000e+09 -1.14238207e+02 
 8.88000000e+09 -1.15499401e+02 
 8.88500000e+09 -1.14587057e+02 
 8.89000000e+09 -1.14142201e+02 
 8.89500000e+09 -1.13754585e+02 
 8.90000000e+09 -1.12188102e+02 
 8.90500000e+09 -1.11414885e+02 
 8.91000000e+09 -1.16465083e+02 
 8.91500000e+09 -1.06245841e+02 
 8.92000000e+09 -1.08228063e+02 
 8.92500000e+09 -1.05273430e+02 
 8.93000000e+09 -1.02424856e+02 
 8.93500000e+09 -9.85066558e+01 
 8.94000000e+09 -9.34336713e+01 
 8.94500000e+09 -8.63965629e+01 
 8.95000000e+09 -7.59636863e+01 
 8.95500000e+09 -5.47348471e+01 
 8.96000000e+09 -4.46971718e+01 
 8.96500000e+09 -4.71960999e+01 
 8.97000000e+09 -6.66395917e+01 
 8.97500000e+09 -8.09915461e+01 
 8.98000000e+09 -8.96181477e+01 
 8.98500000e+09 -9.58431933e+01 
 8.99000000e+09 -1.00520051e+02 
 8.99500000e+09 -1.04256088e+02 
 9.00000000e+09 -1.07001922e+02 
 9.00500000e+09 -1.12129917e+02 
 9.01000000e+09 -1.05331048e+02 
 9.01500000e+09 -1.15305077e+02 
 9.02000000e+09 -1.12884859e+02 
 9.02500000e+09 -1.14926677e+02 
 9.03000000e+09 -1.14753008e+02 
 9.03500000e+09 -1.16810470e+02 
 9.04000000e+09 -1.16759290e+02 
 9.04500000e+09 -1.17552942e+02 
 9.05000000e+09 -1.18763604e+02 
 9.05500000e+09 -1.14424551e+02 
 9.06000000e+09 -1.19186570e+02 
 9.06500000e+09 -1.16196085e+02 
 9.07000000e+09 -1.19302979e+02 
 9.07500000e+09 -1.22855426e+02 
 9.08000000e+09 -1.21576300e+02 
 9.08500000e+09 -1.22626995e+02 
 9.09000000e+09 -1.23411026e+02 
 9.09500000e+09 -1.22214683e+02 
 9.10000000e+09 -1.25088621e+02 
 9.10500000e+09 -1.24268172e+02 
 9.11000000e+09 -1.11286002e+02 
 9.11500000e+09 -1.26094526e+02 
 9.12000000e+09 -1.24131776e+02 
 9.12500000e+09 -1.25309242e+02 
 9.13000000e+09 -1.31892749e+02 
 9.13500000e+09 -1.24446330e+02 
 9.14000000e+09 -1.31522761e+02 
 9.14500000e+09 -1.32674495e+02 
 9.15000000e+09 -1.10446286e+02 
 9.15500000e+09 -9.29228314e+01 
 9.16000000e+09 -9.16757410e+01 
 9.16500000e+09 -1.02962179e+02 
 9.17000000e+09 -1.20278616e+02 
 9.17500000e+09 -1.25437770e+02 
 9.18000000e+09 -1.30679013e+02 
 9.18500000e+09 -1.26910345e+02 
 9.19000000e+09 -1.28669116e+02 
 9.19500000e+09 -1.30251484e+02 
 9.20000000e+09 -1.34899887e+02 
 9.20500000e+09 -1.14991377e+02 
 9.21000000e+09 -1.17709161e+02 
 9.21500000e+09 -1.21663554e+02 
 9.22000000e+09 -1.29867178e+02 
 9.22500000e+09 -1.27883763e+02 
 9.23000000e+09 -1.29916816e+02 
 9.23500000e+09 -1.30466935e+02 
 9.24000000e+09 -1.27351488e+02 
 9.24500000e+09 -1.31988140e+02 
 9.25000000e+09 -1.23068840e+02 
 9.25500000e+09 -1.18610603e+02 
 9.26000000e+09 -1.19532239e+02 
 9.26500000e+09 -1.29388060e+02 
 9.27000000e+09 -1.27752739e+02 
 9.27500000e+09 -1.27990246e+02 
 9.28000000e+09 -1.24134560e+02 
 9.28500000e+09 -1.22471536e+02 
 9.29000000e+09 -1.15365818e+02 
 9.29500000e+09 -1.06025738e+02 
 9.30000000e+09 -8.35484509e+01 
 9.30500000e+09 -7.43218345e+01 
 9.31000000e+09 -7.73930358e+01 
 9.31500000e+09 -9.87312964e+01 
 9.32000000e+09 -1.13104006e+02 
 9.32500000e+09 -1.21431856e+02 
 9.33000000e+09 -1.27675786e+02 
 9.33500000e+09 -1.29721897e+02 
 9.34000000e+09 -1.32419551e+02 
 9.34500000e+09 -1.29149626e+02 
 9.35000000e+09 -1.22098282e+02 
 9.35500000e+09 -1.13924975e+02 
 9.36000000e+09 -1.23912550e+02 
 9.36500000e+09 -1.36590138e+02 
 9.37000000e+09 -1.31743583e+02 
 9.37500000e+09 -1.35549992e+02 
 9.38000000e+09 -1.34980751e+02 
 9.38500000e+09 -1.33575568e+02 
 9.39000000e+09 -1.37337736e+02 
 9.39500000e+09 -1.31335206e+02 
 9.40000000e+09 -1.20685948e+02 
 9.40500000e+09 -1.15832214e+02 
 9.41000000e+09 -1.19616216e+02 
 9.41500000e+09 -1.36208378e+02 
 9.42000000e+09 -1.37431458e+02 
 9.42500000e+09 -1.37689994e+02 
 9.43000000e+09 -1.37842038e+02 
 9.43500000e+09 -1.34265259e+02 
 9.44000000e+09 -1.47374075e+02 
 9.44500000e+09 -1.31155725e+02 
 9.45000000e+09 -1.23831995e+02 
 9.45500000e+09 -1.19619554e+02 
 9.46000000e+09 -1.32625146e+02 
 9.46500000e+09 -1.44772604e+02 
 9.47000000e+09 -1.32857202e+02 
 9.47500000e+09 -1.30310659e+02 
 9.48000000e+09 -1.23743070e+02 
 9.48500000e+09 -1.17357517e+02 
 9.49000000e+09 -1.07603776e+02 
 9.49500000e+09 -9.15531548e+01 
 9.50000000e+09 -7.59955573e+01 
 9.50500000e+09 -7.51470475e+01 
 9.51000000e+09 -8.76001803e+01 
 9.51500000e+09 -1.05406252e+02 
 9.52000000e+09 -1.15299190e+02 
 9.52500000e+09 -1.21402145e+02 
 9.53000000e+09 -1.27143112e+02 
 9.53500000e+09 -1.28224493e+02 
 9.54000000e+09 -1.34689616e+02 
 9.54500000e+09 -1.26580952e+02 
 9.55000000e+09 -1.17612014e+02 
 9.55500000e+09 -1.19871305e+02 
 9.56000000e+09 -1.36039112e+02 
 9.56500000e+09 -1.34174590e+02 
 9.57000000e+09 -1.42438636e+02 
 9.57500000e+09 -1.36461601e+02 
 9.58000000e+09 -1.39203236e+02 
 9.58500000e+09 -1.36878787e+02 
 9.59000000e+09 -1.35344509e+02 
 9.59500000e+09 -1.31120135e+02 
 9.60000000e+09 -1.23963146e+02 
 9.60500000e+09 -1.21048916e+02 
 9.61000000e+09 -1.40353069e+02 
 9.61500000e+09 -1.38126736e+02 
 9.62000000e+09 -1.39070720e+02 
 9.62500000e+09 -1.36673283e+02 
 9.63000000e+09 -1.34735852e+02 
 9.63500000e+09 -1.36854525e+02 
 9.64000000e+09 -1.25351882e+02 
 9.64500000e+09 -1.02505659e+02 
 9.65000000e+09 -9.40943536e+01 
 9.65500000e+09 -9.77039388e+01 
 9.66000000e+09 -1.23237655e+02 
 9.66500000e+09 -1.39102928e+02 
 9.67000000e+09 -1.37398093e+02 
 9.67500000e+09 -1.31978729e+02 
 9.68000000e+09 -1.39964600e+02 
 9.68500000e+09 -1.36241425e+02 
 9.69000000e+09 -1.30375950e+02 
 9.69500000e+09 -1.37005046e+02 
 9.70000000e+09 -1.22679162e+02 
 9.70500000e+09 -1.37886705e+02 
 9.71000000e+09 -1.30690200e+02 
 9.71500000e+09 -1.33505421e+02 
 9.72000000e+09 -1.30964273e+02 
 9.72500000e+09 -1.31505079e+02 
 9.73000000e+09 -1.30107864e+02 
 9.73500000e+09 -1.31292415e+02 
 9.74000000e+09 -1.29758175e+02 
 9.74500000e+09 -1.20958610e+02 
 9.75000000e+09 -1.23452020e+02 
 9.75500000e+09 -1.25441533e+02 
 9.76000000e+09 -1.25823681e+02 
 9.76500000e+09 -1.26939087e+02 
 9.77000000e+09 -1.26006956e+02 
 9.77500000e+09 -1.25210821e+02 
 9.78000000e+09 -1.23689284e+02 
 9.78500000e+09 -1.23471235e+02 
 9.79000000e+09 -1.21638722e+02 
 9.79500000e+09 -1.25450473e+02 
 9.80000000e+09 -1.14178857e+02 
 9.80500000e+09 -1.17892738e+02 
 9.81000000e+09 -1.13245901e+02 
 9.81500000e+09 -1.09936018e+02 
 9.82000000e+09 -1.05547204e+02 
 9.82500000e+09 -1.00313956e+02 
 9.83000000e+09 -9.35725498e+01 
 9.83500000e+09 -8.41568030e+01 
 9.84000000e+09 -6.75469036e+01 
 9.84500000e+09 -5.31233197e+01 
 9.85000000e+09 -5.28386322e+01 
 9.85500000e+09 -6.62430663e+01 
 9.86000000e+09 -8.34949587e+01 
 9.86500000e+09 -9.31084069e+01 
 9.87000000e+09 -9.99697460e+01 
 9.87500000e+09 -1.05168395e+02 
 9.88000000e+09 -1.09400644e+02 
 9.88500000e+09 -1.12812895e+02 
 9.89000000e+09 -1.15360152e+02 
 9.89500000e+09 -1.21531996e+02 
 9.90000000e+09 -1.18057396e+02 
 9.90500000e+09 -1.23135785e+02 
 9.91000000e+09 -1.24244580e+02 
 9.91500000e+09 -1.26122701e+02 
 9.92000000e+09 -1.27528785e+02 
 9.92500000e+09 -1.28370653e+02 
 9.93000000e+09 -1.30409710e+02 
 9.93500000e+09 -1.31167474e+02 
 9.94000000e+09 -1.32569279e+02 
 9.94500000e+09 -1.28474168e+02 
 9.95000000e+09 -1.33695616e+02 
 9.95500000e+09 -1.35051159e+02 
 9.96000000e+09 -1.35509450e+02 
 9.96500000e+09 -1.36940003e+02 
 9.97000000e+09 -1.38208651e+02 
 9.97500000e+09 -1.37095158e+02 
 9.98000000e+09 -1.38489169e+02 
 9.98500000e+09 -1.39456442e+02 
 9.99000000e+09 -1.27443462e+02 
 9.99500000e+09 -1.16666143e+02 
 1.00000000e+10 -1.24073945e+02 
 1.00050000e+10 -1.31412930e+02 
 1.00100000e+10 -1.28458207e+02 
 1.00150000e+10 -1.16405102e+02 
 1.00200000e+10 -1.12951434e+02 
