 0.00000000e+00 -3.58432419e+00 
 1.00000000e+07 -3.53436199e+00 
 2.00000000e+07 -5.45546628e+01 
 3.00000000e+07 -6.24931812e+01 
 4.00000000e+07 -6.72729117e+01 
 5.00000000e+07 -7.06666215e+01 
 6.00000000e+07 -7.32716546e+01 
 7.00000000e+07 -7.53607216e+01 
 8.00000000e+07 -7.72694862e+01 
 9.00000000e+07 -7.86718954e+01 
 1.00000000e+08 -8.00173719e+01 
 1.10000000e+08 -8.11729462e+01 
 1.20000000e+08 -8.21337045e+01 
 1.30000000e+08 -8.28949750e+01 
 1.40000000e+08 -8.34704776e+01 
 1.50000000e+08 -8.49069174e+01 
 1.60000000e+08 -8.31910574e+01 
 1.70000000e+08 -8.48696310e+01 
 1.80000000e+08 -8.46918390e+01 
 1.90000000e+08 -8.50982400e+01 
 2.00000000e+08 -8.48420639e+01 
 2.10000000e+08 -8.48544144e+01 
 2.20000000e+08 -8.50307246e+01 
 2.30000000e+08 -8.36621332e+01 
 2.40000000e+08 -8.62084368e+01 
 2.50000000e+08 -8.46347680e+01 
 2.60000000e+08 -8.49033941e+01 
 2.70000000e+08 -8.50003012e+01 
 2.80000000e+08 -8.50709740e+01 
 2.90000000e+08 -8.52174107e+01 
 3.00000000e+08 -8.50494376e+01 
 3.10000000e+08 -8.66978426e+01 
 3.20000000e+08 -8.45651966e+01 
 3.30000000e+08 -8.61438068e+01 
 3.40000000e+08 -8.62692654e+01 
 3.50000000e+08 -8.66939007e+01 
 3.60000000e+08 -8.74558125e+01 
 3.70000000e+08 -9.07980691e+01 
 3.80000000e+08 -6.06801194e+01 
 3.90000000e+08 -5.31723898e+01 
 4.00000000e+08 -5.86182124e+01 
 4.10000000e+08 -8.26885496e+01 
 4.20000000e+08 -8.69299635e+01 
 4.30000000e+08 -8.82453012e+01 
 4.40000000e+08 -8.89587230e+01 
 4.50000000e+08 -8.92621180e+01 
 4.60000000e+08 -9.08535043e+01 
 4.70000000e+08 -8.84631515e+01 
 4.80000000e+08 -9.04629760e+01 
 4.90000000e+08 -9.02945745e+01 
 5.00000000e+08 -9.04822320e+01 
 5.10000000e+08 -9.05339596e+01 
 5.20000000e+08 -9.05317300e+01 
 5.30000000e+08 -9.05051938e+01 
 5.40000000e+08 -9.20083150e+01 
 5.50000000e+08 -8.90343827e+01 
 5.60000000e+08 -9.09851985e+01 
 5.70000000e+08 -9.06148620e+01 
 5.80000000e+08 -9.05629419e+01 
 5.90000000e+08 -9.04268811e+01 
 6.00000000e+08 -9.04240127e+01 
 6.10000000e+08 -9.07423715e+01 
 6.20000000e+08 -8.89802606e+01 
 6.30000000e+08 -9.17126579e+01 
 6.40000000e+08 -9.02050639e+01 
 6.50000000e+08 -9.05268291e+01 
 6.60000000e+08 -9.05932958e+01 
 6.70000000e+08 -9.05952858e+01 
 6.80000000e+08 -9.06638301e+01 
 6.90000000e+08 -9.00035688e+01 
 7.00000000e+08 -9.40112989e+01 
 7.10000000e+08 -8.90277116e+01 
 7.20000000e+08 -9.12923101e+01 
 7.30000000e+08 -9.10705345e+01 
 7.40000000e+08 -9.12194856e+01 
 7.50000000e+08 -9.12505585e+01 
 7.60000000e+08 -9.14632683e+01 
 7.70000000e+08 -9.19492153e+01 
 7.80000000e+08 -8.15586106e+01 
 7.90000000e+08 -8.63247565e+01 
 8.00000000e+08 -9.13781635e+01 
 8.10000000e+08 -9.13223105e+01 
 8.20000000e+08 -9.12904208e+01 
 8.30000000e+08 -9.14364819e+01 
 8.40000000e+08 -9.18986999e+01 
 8.50000000e+08 -7.82909858e+01 
 8.60000000e+08 -7.63025421e+01 
 8.70000000e+08 -8.03164219e+01 
 8.80000000e+08 -9.05109189e+01 
 8.90000000e+08 -9.07411636e+01 
 9.00000000e+08 -9.06427223e+01 
 9.10000000e+08 -9.05496869e+01 
 9.20000000e+08 -9.03637159e+01 
 9.30000000e+08 -9.24412573e+01 
 9.40000000e+08 -8.80767882e+01 
 9.50000000e+08 -9.07695695e+01 
 9.60000000e+08 -9.02090920e+01 
 9.70000000e+08 -9.01119819e+01 
 9.80000000e+08 -9.00632144e+01 
 9.90000000e+08 -8.98694593e+01 
 1.00000000e+09 -8.98791348e+01 
 1.01000000e+09 -8.95326358e+01 
 1.02000000e+09 -8.96907320e+01 
 1.03000000e+09 -8.94493599e+01 
 1.04000000e+09 -8.94357157e+01 
 1.05000000e+09 -8.93700830e+01 
 1.06000000e+09 -8.91603781e+01 
 1.07000000e+09 -8.89532714e+01 
 1.08000000e+09 -8.85825146e+01 
 1.09000000e+09 -8.90778271e+01 
 1.10000000e+09 -8.85926884e+01 
 1.11000000e+09 -8.84626030e+01 
 1.12000000e+09 -8.83429871e+01 
 1.13000000e+09 -8.82914365e+01 
 1.14000000e+09 -8.81211883e+01 
 1.15000000e+09 -8.81248450e+01 
 1.16000000e+09 -9.02894388e+01 
 1.17000000e+09 -8.29254566e+01 
 1.18000000e+09 -9.34646708e+01 
 1.19000000e+09 -8.71051557e+01 
 1.20000000e+09 -8.71351614e+01 
 1.21000000e+09 -8.70376599e+01 
 1.22000000e+09 -8.68970414e+01 
 1.23000000e+09 -8.66681701e+01 
 1.24000000e+09 -6.69626351e+01 
 1.25000000e+09 -6.16302674e+01 
 1.26000000e+09 -6.73225724e+01 
 1.27000000e+09 -8.53593011e+01 
 1.28000000e+09 -8.51011254e+01 
 1.29000000e+09 -8.47286861e+01 
 1.30000000e+09 -8.44139363e+01 
 1.31000000e+09 -8.40536158e+01 
 1.32000000e+09 -8.27489668e+01 
 1.33000000e+09 -8.44142799e+01 
 1.34000000e+09 -8.21931650e+01 
 1.35000000e+09 -8.24392050e+01 
 1.36000000e+09 -8.21195455e+01 
 1.37000000e+09 -8.17999177e+01 
 1.38000000e+09 -8.14173378e+01 
 1.39000000e+09 -8.11647069e+01 
 1.40000000e+09 -8.04464125e+01 
 1.41000000e+09 -8.05872881e+01 
 1.42000000e+09 -8.00954082e+01 
 1.43000000e+09 -7.98617280e+01 
 1.44000000e+09 -7.99624626e+01 
 1.45000000e+09 -7.97973931e+01 
 1.46000000e+09 -7.86497512e+01 
 1.47000000e+09 -7.86128867e+01 
 1.48000000e+09 -7.88842782e+01 
 1.49000000e+09 -7.82663286e+01 
 1.50000000e+09 -7.83007546e+01 
 1.51000000e+09 -7.81034549e+01 
 1.52000000e+09 -7.78384925e+01 
 1.53000000e+09 -7.74878724e+01 
 1.54000000e+09 -7.70206637e+01 
 1.55000000e+09 -7.58541993e+01 
 1.56000000e+09 -7.34172201e+01 
 1.57000000e+09 -7.40028143e+01 
 1.58000000e+09 -7.04784951e+01 
 1.59000000e+09 -6.68184331e+01 
 1.60000000e+09 -6.16237330e+01 
 1.61000000e+09 -5.41723587e+01 
 1.62000000e+09 -4.25621339e+01 
 1.63000000e+09 -9.78061312e+00 
 1.64000000e+09 -2.80441944e+00 
 1.65000000e+09 -7.79310555e+00 
 1.66000000e+09 -3.85988137e+01 
 1.67000000e+09 -5.10611980e+01 
 1.68000000e+09 -5.92647637e+01 
 1.69000000e+09 -6.53539923e+01 
 1.70000000e+09 -6.97387436e+01 
 1.71000000e+09 -7.52206146e+01 
 1.72000000e+09 -7.03193910e+01 
 1.73000000e+09 -7.65139070e+01 
 1.74000000e+09 -7.48105457e+01 
 1.75000000e+09 -7.49795770e+01 
 1.76000000e+09 -7.51637390e+01 
 1.77000000e+09 -7.53485126e+01 
 1.78000000e+09 -7.56015672e+01 
 1.79000000e+09 -7.58863809e+01 
 1.80000000e+09 -7.60570248e+01 
 1.81000000e+09 -7.65204814e+01 
 1.82000000e+09 -7.69363397e+01 
 1.83000000e+09 -7.67026182e+01 
 1.84000000e+09 -7.69419980e+01 
 1.85000000e+09 -7.76585156e+01 
 1.86000000e+09 -7.80471156e+01 
 1.87000000e+09 -7.81368421e+01 
 1.88000000e+09 -7.90384168e+01 
 1.89000000e+09 -7.89589564e+01 
 1.90000000e+09 -7.94435283e+01 
 1.91000000e+09 -7.97931961e+01 
 1.92000000e+09 -8.01823281e+01 
 1.93000000e+09 -8.05791657e+01 
 1.94000000e+09 -8.11089330e+01 
 1.95000000e+09 -8.03020724e+01 
 1.96000000e+09 -8.14707104e+01 
 1.97000000e+09 -8.18550340e+01 
 1.98000000e+09 -8.21270072e+01 
 1.99000000e+09 -8.25078148e+01 
 2.00000000e+09 -8.29822497e+01 
 2.01000000e+09 -8.46898154e+01 
 2.02000000e+09 -6.99355045e+01 
 2.03000000e+09 -5.97132316e+01 
 2.04000000e+09 -6.53742303e+01 
 2.05000000e+09 -7.99544062e+01 
 2.06000000e+09 -8.27571212e+01 
 2.07000000e+09 -8.34807270e+01 
 2.08000000e+09 -8.38294610e+01 
 2.09000000e+09 -8.39960143e+01 
 2.10000000e+09 -8.26976931e+01 
 2.11000000e+09 -8.68708463e+01 
 2.12000000e+09 -8.34096863e+01 
 2.13000000e+09 -8.44993663e+01 
 2.14000000e+09 -8.46726139e+01 
 2.15000000e+09 -8.47542566e+01 
 2.16000000e+09 -8.49170044e+01 
 2.17000000e+09 -8.50687173e+01 
 2.18000000e+09 -8.49909243e+01 
 2.19000000e+09 -8.51723135e+01 
 2.20000000e+09 -8.56158404e+01 
 2.21000000e+09 -8.55901644e+01 
 2.22000000e+09 -8.57006285e+01 
 2.23000000e+09 -8.57482803e+01 
 2.24000000e+09 -8.59202066e+01 
 2.25000000e+09 -8.61362442e+01 
 2.26000000e+09 -8.61982658e+01 
 2.27000000e+09 -8.64802032e+01 
 2.28000000e+09 -8.64182488e+01 
 2.29000000e+09 -8.66473807e+01 
 2.30000000e+09 -8.66961988e+01 
 2.31000000e+09 -8.68303119e+01 
 2.32000000e+09 -8.69381177e+01 
 2.33000000e+09 -8.67612315e+01 
 2.34000000e+09 -8.83612224e+01 
 2.35000000e+09 -8.58535929e+01 
 2.36000000e+09 -8.75569645e+01 
 2.37000000e+09 -8.74489529e+01 
 2.38000000e+09 -8.75528619e+01 
 2.39000000e+09 -8.76718185e+01 
 2.40000000e+09 -8.82785456e+01 
 2.41000000e+09 -8.52635838e+01 
 2.42000000e+09 -7.20721520e+01 
 2.43000000e+09 -7.89612097e+01 
 2.44000000e+09 -8.56227923e+01 
 2.45000000e+09 -8.74744785e+01 
 2.46000000e+09 -8.79574301e+01 
 2.47000000e+09 -8.81571297e+01 
 2.48000000e+09 -8.82307590e+01 
 2.49000000e+09 -8.68882509e+01 
 2.50000000e+09 -8.56786047e+01 
 2.51000000e+09 -8.56105567e+01 
 2.52000000e+09 -8.87457489e+01 
 2.53000000e+09 -8.88368951e+01 
 2.54000000e+09 -8.88710185e+01 
 2.55000000e+09 -8.90192050e+01 
 2.56000000e+09 -8.89927311e+01 
 2.57000000e+09 -9.08516892e+01 
 2.58000000e+09 -8.69616695e+01 
 2.59000000e+09 -9.05035522e+01 
 2.60000000e+09 -8.94288494e+01 
 2.61000000e+09 -8.95054246e+01 
 2.62000000e+09 -8.95321971e+01 
 2.63000000e+09 -8.95915912e+01 
 2.64000000e+09 -8.98113235e+01 
 2.65000000e+09 -8.87734100e+01 
 2.66000000e+09 -9.11618880e+01 
 2.67000000e+09 -8.93999284e+01 
 2.68000000e+09 -8.99231428e+01 
 2.69000000e+09 -8.99321314e+01 
 2.70000000e+09 -8.99289725e+01 
 2.71000000e+09 -9.00186321e+01 
 2.72000000e+09 -8.99097380e+01 
 2.73000000e+09 -9.12830045e+01 
 2.74000000e+09 -8.91302220e+01 
 2.75000000e+09 -9.04680977e+01 
 2.76000000e+09 -9.03968825e+01 
 2.77000000e+09 -9.04309390e+01 
 2.78000000e+09 -9.04558466e+01 
 2.79000000e+09 -9.06313581e+01 
 2.80000000e+09 -9.11187974e+01 
 2.81000000e+09 -8.88664844e+01 
 2.82000000e+09 -9.23521421e+01 
 2.83000000e+09 -9.06572937e+01 
 2.84000000e+09 -9.07205536e+01 
 2.85000000e+09 -9.08030175e+01 
 2.86000000e+09 -9.06088681e+01 
 2.87000000e+09 -8.94206080e+01 
 2.88000000e+09 -6.87154249e+01 
 2.89000000e+09 -6.25553866e+01 
 2.90000000e+09 -6.67391185e+01 
 2.91000000e+09 -9.60060732e+01 
 2.92000000e+09 -9.19169219e+01 
 2.93000000e+09 -9.12072795e+01 
 2.94000000e+09 -9.10479073e+01 
 2.95000000e+09 -9.07584336e+01 
 2.96000000e+09 -9.19200339e+01 
 2.97000000e+09 -8.85138791e+01 
 2.98000000e+09 -9.06586871e+01 
 2.99000000e+09 -9.04516353e+01 
 3.00000000e+09 -9.04534905e+01 
 3.01000000e+09 -9.03515633e+01 
 3.02000000e+09 -9.02651516e+01 
 3.03000000e+09 -9.04778050e+01 
 3.04000000e+09 -8.81803552e+01 
 3.05000000e+09 -9.24674902e+01 
 3.06000000e+09 -8.93714908e+01 
 3.07000000e+09 -8.98665488e+01 
 3.08000000e+09 -9.01358918e+01 
 3.09000000e+09 -8.96888251e+01 
 3.10000000e+09 -8.91316057e+01 
 3.11000000e+09 -8.89806718e+01 
 3.12000000e+09 -9.19493166e+01 
 3.13000000e+09 -8.74927773e+01 
 3.14000000e+09 -8.95422581e+01 
 3.15000000e+09 -8.90993685e+01 
 3.16000000e+09 -8.87196598e+01 
 3.17000000e+09 -8.82370360e+01 
 3.18000000e+09 -8.76368389e+01 
 3.19000000e+09 -8.67372961e+01 
 3.20000000e+09 -8.24791685e+01 
 3.21000000e+09 -8.50945889e+01 
 3.22000000e+09 -8.02741005e+01 
 3.23000000e+09 -7.68752669e+01 
 3.24000000e+09 -7.20085734e+01 
 3.25000000e+09 -6.49859586e+01 
 3.26000000e+09 -5.40712306e+01 
 3.27000000e+09 -2.75831721e+01 
 3.28000000e+09 -1.95506806e+01 
 3.29000000e+09 -2.35922370e+01 
 3.30000000e+09 -4.85277306e+01 
 3.31000000e+09 -6.16394242e+01 
 3.32000000e+09 -6.99416289e+01 
 3.33000000e+09 -7.58254440e+01 
 3.34000000e+09 -7.99057214e+01 
 3.35000000e+09 -8.52507713e+01 
 3.36000000e+09 -8.01919549e+01 
 3.37000000e+09 -8.82241960e+01 
 3.38000000e+09 -8.60233658e+01 
 3.39000000e+09 -8.66180934e+01 
 3.40000000e+09 -8.71236405e+01 
 3.41000000e+09 -8.76333489e+01 
 3.42000000e+09 -8.82260622e+01 
 3.43000000e+09 -8.73707776e+01 
 3.44000000e+09 -9.11043386e+01 
 3.45000000e+09 -8.91250441e+01 
 3.46000000e+09 -9.04778013e+01 
 3.47000000e+09 -9.03625472e+01 
 3.48000000e+09 -8.97844669e+01 
 3.49000000e+09 -9.10355152e+01 
 3.50000000e+09 -9.15291107e+01 
 3.51000000e+09 -9.37701931e+01 
 3.52000000e+09 -9.09430952e+01 
 3.53000000e+09 -9.31046080e+01 
 3.54000000e+09 -9.32332381e+01 
 3.55000000e+09 -9.34466054e+01 
 3.56000000e+09 -9.37558664e+01 
 3.57000000e+09 -9.40013392e+01 
 3.58000000e+09 -9.48767523e+01 
 3.59000000e+09 -9.09171373e+01 
 3.60000000e+09 -9.39257689e+01 
 3.61000000e+09 -9.31058230e+01 
 3.62000000e+09 -9.22097832e+01 
 3.63000000e+09 -9.03058949e+01 
 3.64000000e+09 -8.63769297e+01 
 3.65000000e+09 -7.80372332e+01 
 3.66000000e+09 -5.58012508e+01 
 3.67000000e+09 -4.67074204e+01 
 3.68000000e+09 -4.98080718e+01 
 3.69000000e+09 -7.10884951e+01 
 3.70000000e+09 -8.41534462e+01 
 3.71000000e+09 -9.02355130e+01 
 3.72000000e+09 -9.29493349e+01 
 3.73000000e+09 -9.40556497e+01 
 3.74000000e+09 -9.71119338e+01 
 3.75000000e+09 -9.00933482e+01 
 3.76000000e+09 -9.99781614e+01 
 3.77000000e+09 -9.64044282e+01 
 3.78000000e+09 -9.68681792e+01 
 3.79000000e+09 -9.70703065e+01 
 3.80000000e+09 -9.74628575e+01 
 3.81000000e+09 -9.78079797e+01 
 3.82000000e+09 -9.62108909e+01 
 3.83000000e+09 -9.77062419e+01 
 3.84000000e+09 -9.84821681e+01 
 3.85000000e+09 -9.84243306e+01 
 3.86000000e+09 -9.81653556e+01 
 3.87000000e+09 -9.91849542e+01 
 3.88000000e+09 -9.90019881e+01 
 3.89000000e+09 -9.92328469e+01 
 3.90000000e+09 -9.85786845e+01 
 3.91000000e+09 -9.90526644e+01 
 3.92000000e+09 -9.86797806e+01 
 3.93000000e+09 -9.97971595e+01 
 3.94000000e+09 -9.97627907e+01 
 3.95000000e+09 -1.00000908e+02 
 3.96000000e+09 -1.00272792e+02 
 3.97000000e+09 -1.00738751e+02 
 3.98000000e+09 -9.74484290e+01 
 3.99000000e+09 -9.92522324e+01 
 4.00000000e+09 -1.00556478e+02 
 4.01000000e+09 -1.00637674e+02 
 4.02000000e+09 -1.00912837e+02 
 4.03000000e+09 -1.01014245e+02 
 4.04000000e+09 -1.02243327e+02 
 4.05000000e+09 -9.37308386e+01 
 4.06000000e+09 -8.07415172e+01 
 4.07000000e+09 -8.48050944e+01 
 4.08000000e+09 -9.59672339e+01 
 4.09000000e+09 -1.00098204e+02 
 4.10000000e+09 -1.01255619e+02 
 4.11000000e+09 -1.01686808e+02 
 4.12000000e+09 -1.01364661e+02 
 4.13000000e+09 -8.49172866e+01 
 4.14000000e+09 -7.86621233e+01 
 4.15000000e+09 -8.26852903e+01 
 4.16000000e+09 -1.04675438e+02 
 4.17000000e+09 -1.03332561e+02 
 4.18000000e+09 -1.02864819e+02 
 4.19000000e+09 -1.03145533e+02 
 4.20000000e+09 -1.02914926e+02 
 4.21000000e+09 -1.05129653e+02 
 4.22000000e+09 -9.49957126e+01 
 4.23000000e+09 -1.12600561e+02 
 4.24000000e+09 -1.03432631e+02 
 4.25000000e+09 -1.03572977e+02 
 4.26000000e+09 -1.03574728e+02 
 4.27000000e+09 -1.03528591e+02 
 4.28000000e+09 -1.04364115e+02 
 4.29000000e+09 -9.99165261e+01 
 4.30000000e+09 -1.15510880e+02 
 4.31000000e+09 -1.01766438e+02 
 4.32000000e+09 -1.04079470e+02 
 4.33000000e+09 -1.03778109e+02 
 4.34000000e+09 -1.03334817e+02 
 4.35000000e+09 -1.03478520e+02 
 4.36000000e+09 -1.02666109e+02 
 4.37000000e+09 -1.10363981e+02 
 4.38000000e+09 -9.91754313e+01 
 4.39000000e+09 -1.05102834e+02 
 4.40000000e+09 -1.03899831e+02 
 4.41000000e+09 -1.03924038e+02 
 4.42000000e+09 -1.03674146e+02 
 4.43000000e+09 -1.04202411e+02 
 4.44000000e+09 -1.03081092e+02 
 4.45000000e+09 -8.95743556e+01 
 4.46000000e+09 -9.49043718e+01 
 4.47000000e+09 -9.99131867e+01 
 4.48000000e+09 -1.01710668e+02 
 4.49000000e+09 -1.01211905e+02 
 4.50000000e+09 -9.89221212e+01 
 4.51000000e+09 -9.26211517e+01 
 4.52000000e+09 -6.90713197e+01 
 4.53000000e+09 -6.12606768e+01 
 4.54000000e+09 -6.51691889e+01 
 4.55000000e+09 -9.07843404e+01 
 4.56000000e+09 -9.98859776e+01 
 4.57000000e+09 -1.00166289e+02 
 4.58000000e+09 -9.99078343e+01 
 4.59000000e+09 -9.94609363e+01 
 4.60000000e+09 -9.67979628e+01 
 4.61000000e+09 -9.46505810e+01 
 4.62000000e+09 -9.53559665e+01 
 4.63000000e+09 -9.77786456e+01 
 4.64000000e+09 -9.75066399e+01 
 4.65000000e+09 -9.72962637e+01 
 4.66000000e+09 -9.68083136e+01 
 4.67000000e+09 -9.67393225e+01 
 4.68000000e+09 -9.48342257e+01 
 4.69000000e+09 -9.53381735e+01 
 4.70000000e+09 -9.56436138e+01 
 4.71000000e+09 -9.55357713e+01 
 4.72000000e+09 -9.63415307e+01 
 4.73000000e+09 -9.58746506e+01 
 4.74000000e+09 -9.24430481e+01 
 4.75000000e+09 -9.29206192e+01 
 4.76000000e+09 -9.47921228e+01 
 4.77000000e+09 -9.19297865e+01 
 4.78000000e+09 -9.22858116e+01 
 4.79000000e+09 -9.13093250e+01 
 4.80000000e+09 -9.01666407e+01 
 4.81000000e+09 -8.87237346e+01 
 4.82000000e+09 -8.71689622e+01 
 4.83000000e+09 -8.56914275e+01 
 4.84000000e+09 -7.88078766e+01 
 4.85000000e+09 -8.28681940e+01 
 4.86000000e+09 -7.61034494e+01 
 4.87000000e+09 -7.22878711e+01 
 4.88000000e+09 -6.70297042e+01 
 4.89000000e+09 -5.98582711e+01 
 4.90000000e+09 -4.92018544e+01 
 4.91000000e+09 -2.61101090e+01 
 4.92000000e+09 -1.69546443e+01 
 4.93000000e+09 -2.00763008e+01 
 4.94000000e+09 -4.13678569e+01 
 4.95000000e+09 -5.51479568e+01 
 4.96000000e+09 -6.37394862e+01 
 4.97000000e+09 -6.99912611e+01 
 4.98000000e+09 -7.47906473e+01 
 4.99000000e+09 -8.05914030e+01 
 5.00000000e+09 -7.63020760e+01 
 5.01000000e+09 -8.68719787e+01 
 5.02000000e+09 -8.37054212e+01 
 5.03000000e+09 -8.45909730e+01 
 5.04000000e+09 -8.53137491e+01 
 5.05000000e+09 -8.58783992e+01 
 5.06000000e+09 -8.65066546e+01 
 5.07000000e+09 -8.68239706e+01 
 5.08000000e+09 -8.77638961e+01 
 5.09000000e+09 -8.80419153e+01 
 5.10000000e+09 -8.88161009e+01 
 5.11000000e+09 -8.86009351e+01 
 5.12000000e+09 -8.81379744e+01 
 5.13000000e+09 -8.98821367e+01 
 5.14000000e+09 -9.03523937e+01 
 5.15000000e+09 -9.03115972e+01 
 5.16000000e+09 -9.18369773e+01 
 5.17000000e+09 -9.11086425e+01 
 5.18000000e+09 -9.18726614e+01 
 5.19000000e+09 -9.22253552e+01 
 5.20000000e+09 -9.26074170e+01 
 5.21000000e+09 -9.30490067e+01 
 5.22000000e+09 -9.34261715e+01 
 5.23000000e+09 -9.16354612e+01 
 5.24000000e+09 -9.11025928e+01 
 5.25000000e+09 -9.48252165e+01 
 5.26000000e+09 -9.47219057e+01 
 5.27000000e+09 -9.53792323e+01 
 5.28000000e+09 -9.57598675e+01 
 5.29000000e+09 -9.12845480e+01 
 5.30000000e+09 -7.05694258e+01 
 5.31000000e+09 -6.01450977e+01 
 5.32000000e+09 -6.22984832e+01 
 5.33000000e+09 -8.16237189e+01 
 5.34000000e+09 -9.64498933e+01 
 5.35000000e+09 -9.74652578e+01 
 5.36000000e+09 -9.66572944e+01 
 5.37000000e+09 -9.60641479e+01 
 5.38000000e+09 -9.72947924e+01 
 5.39000000e+09 -9.39481373e+01 
 5.40000000e+09 -9.69585840e+01 
 5.41000000e+09 -9.59397265e+01 
 5.42000000e+09 -9.61260593e+01 
 5.43000000e+09 -9.61295216e+01 
 5.44000000e+09 -9.62508445e+01 
 5.45000000e+09 -9.64477776e+01 
 5.46000000e+09 -9.63632876e+01 
 5.47000000e+09 -9.48584501e+01 
 5.48000000e+09 -9.77835880e+01 
 5.49000000e+09 -9.68787124e+01 
 5.50000000e+09 -9.70872542e+01 
 5.51000000e+09 -9.69534030e+01 
 5.52000000e+09 -9.69063104e+01 
 5.53000000e+09 -9.72000752e+01 
 5.54000000e+09 -9.73963216e+01 
 5.55000000e+09 -9.76579810e+01 
 5.56000000e+09 -9.71361970e+01 
 5.57000000e+09 -9.76452848e+01 
 5.58000000e+09 -9.76210106e+01 
 5.59000000e+09 -9.76697439e+01 
 5.60000000e+09 -9.77878521e+01 
 5.61000000e+09 -9.72927785e+01 
 5.62000000e+09 -1.01809829e+02 
 5.63000000e+09 -9.46032459e+01 
 5.64000000e+09 -9.92622742e+01 
 5.65000000e+09 -9.83349963e+01 
 5.66000000e+09 -9.86373708e+01 
 5.67000000e+09 -9.90605062e+01 
 5.68000000e+09 -1.01681896e+02 
 5.69000000e+09 -9.08708186e+01 
 5.70000000e+09 -7.57073130e+01 
 5.71000000e+09 -7.85111111e+01 
 5.72000000e+09 -9.03173646e+01 
 5.73000000e+09 -9.67800028e+01 
 5.74000000e+09 -9.81869938e+01 
 5.75000000e+09 -9.86434264e+01 
 5.76000000e+09 -9.82870612e+01 
 5.77000000e+09 -9.01663156e+01 
 5.78000000e+09 -8.68371649e+01 
 5.79000000e+09 -8.69123544e+01 
 5.80000000e+09 -1.00870999e+02 
 5.81000000e+09 -9.97563857e+01 
 5.82000000e+09 -9.94537793e+01 
 5.83000000e+09 -9.94974902e+01 
 5.84000000e+09 -9.95070620e+01 
 5.85000000e+09 -1.03738647e+02 
 5.86000000e+09 -9.44914419e+01 
 5.87000000e+09 -1.02107880e+02 
 5.88000000e+09 -9.95462370e+01 
 5.89000000e+09 -9.96098870e+01 
 5.90000000e+09 -9.96364319e+01 
 5.91000000e+09 -9.95553597e+01 
 5.92000000e+09 -9.99400240e+01 
 5.93000000e+09 -9.67514351e+01 
 5.94000000e+09 -1.07976401e+02 
 5.95000000e+09 -9.78480520e+01 
 5.96000000e+09 -9.97348028e+01 
 5.97000000e+09 -9.97955508e+01 
 5.98000000e+09 -9.95622521e+01 
 5.99000000e+09 -9.95841593e+01 
 6.00000000e+09 -9.91541363e+01 
 6.01000000e+09 -1.04181708e+02 
 6.02000000e+09 -9.65689301e+01 
 6.03000000e+09 -1.00834081e+02 
 6.04000000e+09 -9.99086598e+01 
 6.05000000e+09 -9.99858503e+01 
 6.06000000e+09 -9.98886658e+01 
 6.07000000e+09 -1.00244460e+02 
 6.08000000e+09 -1.03191296e+02 
 6.09000000e+09 -9.18123373e+01 
 6.10000000e+09 -1.06468072e+02 
 6.11000000e+09 -9.78666787e+01 
 6.12000000e+09 -9.89137897e+01 
 6.13000000e+09 -9.85158903e+01 
 6.14000000e+09 -9.69725546e+01 
 6.15000000e+09 -9.22051454e+01 
 6.16000000e+09 -7.34526595e+01 
 6.17000000e+09 -6.49056560e+01 
 6.18000000e+09 -6.76572131e+01 
 6.19000000e+09 -9.16223077e+01 
 6.20000000e+09 -1.02079228e+02 
 6.21000000e+09 -9.98392175e+01 
 6.22000000e+09 -9.91440409e+01 
 6.23000000e+09 -9.87482594e+01 
 6.24000000e+09 -9.69425423e+01 
 6.25000000e+09 -9.84351732e+01 
 6.26000000e+09 -9.56732497e+01 
 6.27000000e+09 -9.81640496e+01 
 6.28000000e+09 -9.81290790e+01 
 6.29000000e+09 -9.81138626e+01 
 6.30000000e+09 -9.79155063e+01 
 6.31000000e+09 -9.80928149e+01 
 6.32000000e+09 -9.59977978e+01 
 6.33000000e+09 -9.69313738e+01 
 6.34000000e+09 -9.74504948e+01 
 6.35000000e+09 -9.75348808e+01 
 6.36000000e+09 -9.75302215e+01 
 6.37000000e+09 -9.94084827e+01 
 6.38000000e+09 -9.57316650e+01 
 6.39000000e+09 -9.55985086e+01 
 6.40000000e+09 -9.87241612e+01 
 6.41000000e+09 -9.33197383e+01 
 6.42000000e+09 -9.53605360e+01 
 6.43000000e+09 -9.44576050e+01 
 6.44000000e+09 -9.36051118e+01 
 6.45000000e+09 -9.25295157e+01 
 6.46000000e+09 -9.14626900e+01 
 6.47000000e+09 -9.07495588e+01 
 6.48000000e+09 -8.34858172e+01 
 6.49000000e+09 -9.08200903e+01 
 6.50000000e+09 -8.20046208e+01 
 6.51000000e+09 -7.87905045e+01 
 6.52000000e+09 -7.38596664e+01 
 6.53000000e+09 -6.69598819e+01 
 6.54000000e+09 -5.67269714e+01 
 6.55000000e+09 -3.60040923e+01 
 6.56000000e+09 -2.56521286e+01 
 6.57000000e+09 -2.78709126e+01 
 6.58000000e+09 -4.64735243e+01 
 6.59000000e+09 -6.09522393e+01 
 6.60000000e+09 -6.96458029e+01 
 6.61000000e+09 -7.57931717e+01 
 6.62000000e+09 -8.04163608e+01 
 6.63000000e+09 -8.58851836e+01 
 6.64000000e+09 -8.15947901e+01 
 6.65000000e+09 -9.25380064e+01 
 6.66000000e+09 -8.98245661e+01 
 6.67000000e+09 -9.12272948e+01 
 6.68000000e+09 -9.23876289e+01 
 6.69000000e+09 -9.34020527e+01 
 6.70000000e+09 -9.44489437e+01 
 6.71000000e+09 -9.38240062e+01 
 6.72000000e+09 -9.88589078e+01 
 6.73000000e+09 -9.61198783e+01 
 6.74000000e+09 -9.87157689e+01 
 6.75000000e+09 -9.97196671e+01 
 6.76000000e+09 -9.63083654e+01 
 6.77000000e+09 -9.92932862e+01 
 6.78000000e+09 -9.99417071e+01 
 6.79000000e+09 -1.01601546e+02 
 6.80000000e+09 -9.93480719e+01 
 6.81000000e+09 -1.00856625e+02 
 6.82000000e+09 -1.01280490e+02 
 6.83000000e+09 -1.01239372e+02 
 6.84000000e+09 -1.01043221e+02 
 6.85000000e+09 -1.00768743e+02 
 6.86000000e+09 -1.00007746e+02 
 6.87000000e+09 -9.78670898e+01 
 6.88000000e+09 -9.31705550e+01 
 6.89000000e+09 -9.78241777e+01 
 6.90000000e+09 -9.43333126e+01 
 6.91000000e+09 -9.04375667e+01 
 6.92000000e+09 -8.44088025e+01 
 6.93000000e+09 -7.48493490e+01 
 6.94000000e+09 -5.59822592e+01 
 6.95000000e+09 -4.43382425e+01 
 6.96000000e+09 -4.56684680e+01 
 6.97000000e+09 -6.20912724e+01 
 6.98000000e+09 -7.72626069e+01 
 6.99000000e+09 -8.57552368e+01 
 7.00000000e+09 -9.13502338e+01 
 7.01000000e+09 -9.50711980e+01 
 7.02000000e+09 -1.00130651e+02 
 7.03000000e+09 -9.52727376e+01 
 7.04000000e+09 -1.05422287e+02 
 7.05000000e+09 -1.02439775e+02 
 7.06000000e+09 -1.03928214e+02 
 7.07000000e+09 -1.04748578e+02 
 7.08000000e+09 -1.05601113e+02 
 7.09000000e+09 -1.06507446e+02 
 7.10000000e+09 -1.05351529e+02 
 7.11000000e+09 -1.00812030e+02 
 7.12000000e+09 -1.10669569e+02 
 7.13000000e+09 -1.07790786e+02 
 7.14000000e+09 -1.06762832e+02 
 7.15000000e+09 -1.09043875e+02 
 7.16000000e+09 -1.08739605e+02 
 7.17000000e+09 -1.09003464e+02 
 7.18000000e+09 -1.04421700e+02 
 7.19000000e+09 -1.07656849e+02 
 7.20000000e+09 -1.04956852e+02 
 7.21000000e+09 -1.08982676e+02 
 7.22000000e+09 -1.09034269e+02 
 7.23000000e+09 -1.08970737e+02 
 7.24000000e+09 -1.09238018e+02 
 7.25000000e+09 -1.08514264e+02 
 7.26000000e+09 -1.07071508e+02 
 7.27000000e+09 -1.00999587e+02 
 7.28000000e+09 -1.13731132e+02 
 7.29000000e+09 -1.09901576e+02 
 7.30000000e+09 -1.10450132e+02 
 7.31000000e+09 -1.11120873e+02 
 7.32000000e+09 -1.14218943e+02 
 7.33000000e+09 -9.40656496e+01 
 7.34000000e+09 -7.96119110e+01 
 7.35000000e+09 -8.06224187e+01 
 7.36000000e+09 -9.36540031e+01 
 7.37000000e+09 -1.04897376e+02 
 7.38000000e+09 -1.08035499e+02 
 7.39000000e+09 -1.08773755e+02 
 7.40000000e+09 -1.06562298e+02 
 7.41000000e+09 -9.17390614e+01 
 7.42000000e+09 -8.40003008e+01 
 7.43000000e+09 -8.61708399e+01 
 7.44000000e+09 -1.14521968e+02 
 7.45000000e+09 -1.12626198e+02 
 7.46000000e+09 -1.11120236e+02 
 7.47000000e+09 -1.10772465e+02 
 7.48000000e+09 -1.10975390e+02 
 7.49000000e+09 -1.18311450e+02 
 7.50000000e+09 -9.91781584e+01 
 7.51000000e+09 -1.09008232e+02 
 7.52000000e+09 -1.10438709e+02 
 7.53000000e+09 -1.10491722e+02 
 7.54000000e+09 -1.10449059e+02 
 7.55000000e+09 -1.10358638e+02 
 7.56000000e+09 -1.10940589e+02 
 7.57000000e+09 -1.04139174e+02 
 7.58000000e+09 -1.08349537e+02 
 7.59000000e+09 -1.06112364e+02 
 7.60000000e+09 -1.10526721e+02 
 7.61000000e+09 -1.10801761e+02 
 7.62000000e+09 -1.10162697e+02 
 7.63000000e+09 -1.09698413e+02 
 7.64000000e+09 -1.08562523e+02 
 7.65000000e+09 -1.13750998e+02 
 7.66000000e+09 -1.00769929e+02 
 7.67000000e+09 -1.14449191e+02 
 7.68000000e+09 -1.10594498e+02 
 7.69000000e+09 -1.10663536e+02 
 7.70000000e+09 -1.10684365e+02 
 7.71000000e+09 -1.12010955e+02 
 7.72000000e+09 -1.17506810e+02 
 7.73000000e+09 -9.13566258e+01 
 7.74000000e+09 -9.32620222e+01 
 7.75000000e+09 -1.01536046e+02 
 7.76000000e+09 -1.06592273e+02 
 7.77000000e+09 -1.05699708e+02 
 7.78000000e+09 -1.02613161e+02 
 7.79000000e+09 -9.54044193e+01 
 7.80000000e+09 -7.61274074e+01 
 7.81000000e+09 -6.59221788e+01 
 7.82000000e+09 -6.80918972e+01 
 7.83000000e+09 -8.67231777e+01 
 7.84000000e+09 -1.00049388e+02 
 7.85000000e+09 -1.04939633e+02 
 7.86000000e+09 -1.06383702e+02 
 7.87000000e+09 -1.07005264e+02 
 7.88000000e+09 -1.04330029e+02 
 7.89000000e+09 -1.02076433e+02 
 7.90000000e+09 -1.01480664e+02 
 7.91000000e+09 -1.07805161e+02 
 7.92000000e+09 -1.07461422e+02 
 7.93000000e+09 -1.07505423e+02 
 7.94000000e+09 -1.07279660e+02 
 7.95000000e+09 -1.07356410e+02 
 7.96000000e+09 -1.05325079e+02 
 7.97000000e+09 -1.01646692e+02 
 7.98000000e+09 -1.08194719e+02 
 7.99000000e+09 -1.06744404e+02 
 8.00000000e+09 -1.06888654e+02 
 8.01000000e+09 -1.09984317e+02 
 8.02000000e+09 -1.03488010e+02 
 8.03000000e+09 -1.03873578e+02 
 8.04000000e+09 -1.04147376e+02 
 8.05000000e+09 -1.01578019e+02 
 8.06000000e+09 -1.02220570e+02 
 8.07000000e+09 -1.02051776e+02 
 8.08000000e+09 -1.01081651e+02 
 8.09000000e+09 -9.98433975e+01 
 8.10000000e+09 -9.85765812e+01 
 8.11000000e+09 -9.76350867e+01 
 8.12000000e+09 -9.09303672e+01 
 8.13000000e+09 -9.80304791e+01 
 8.14000000e+09 -8.87327654e+01 
 8.15000000e+09 -8.55323747e+01 
 8.16000000e+09 -8.06323645e+01 
 8.17000000e+09 -7.38653351e+01 
 8.18000000e+09 -6.39801649e+01 
 8.19000000e+09 -4.50427285e+01 
 8.20000000e+09 -3.33997423e+01 
 8.21000000e+09 -3.47260174e+01 
 8.22000000e+09 -5.11844492e+01 
 8.23000000e+09 -6.65359797e+01 
 8.24000000e+09 -7.55248162e+01 
 8.25000000e+09 -8.18500631e+01 
 8.26000000e+09 -8.66460298e+01 
 8.27000000e+09 -9.15552285e+01 
 8.28000000e+09 -8.81851186e+01 
 8.29000000e+09 -9.68347642e+01 
 8.30000000e+09 -9.64648797e+01 
 8.31000000e+09 -9.79603071e+01 
 8.32000000e+09 -9.92193326e+01 
 8.33000000e+09 -1.00248284e+02 
 8.34000000e+09 -1.01323894e+02 
 8.35000000e+09 -1.01011795e+02 
 8.36000000e+09 -1.03727080e+02 
 8.37000000e+09 -1.03243313e+02 
 8.38000000e+09 -1.04708449e+02 
 8.39000000e+09 -1.05699668e+02 
 8.40000000e+09 -1.01105309e+02 
 8.41000000e+09 -1.07498433e+02 
 8.42000000e+09 -1.07238623e+02 
 8.43000000e+09 -1.08507357e+02 
 8.44000000e+09 -1.04664283e+02 
 8.45000000e+09 -1.06697571e+02 
 8.46000000e+09 -1.07145908e+02 
 8.47000000e+09 -1.06970616e+02 
 8.48000000e+09 -1.06522921e+02 
 8.49000000e+09 -1.06012303e+02 
 8.50000000e+09 -1.04801212e+02 
 8.51000000e+09 -1.02172614e+02 
 8.52000000e+09 -9.55792399e+01 
 8.53000000e+09 -1.03545218e+02 
 8.54000000e+09 -9.87601997e+01 
 8.55000000e+09 -9.46238233e+01 
 8.56000000e+09 -8.85400550e+01 
 8.57000000e+09 -7.92235506e+01 
 8.58000000e+09 -6.17656150e+01 
 8.59000000e+09 -4.87061852e+01 
 8.60000000e+09 -4.91498211e+01 
 8.61000000e+09 -6.37761389e+01 
 8.62000000e+09 -8.00173550e+01 
 8.63000000e+09 -8.89686108e+01 
 8.64000000e+09 -9.49297105e+01 
 8.65000000e+09 -9.89634399e+01 
 8.66000000e+09 -1.01244703e+02 
 8.67000000e+09 -1.04706765e+02 
 8.68000000e+09 -1.01800110e+02 
 8.69000000e+09 -1.08070355e+02 
 8.70000000e+09 -1.08979827e+02 
 8.71000000e+09 -1.09835485e+02 
 8.72000000e+09 -1.10716281e+02 
 8.73000000e+09 -1.11683258e+02 
 8.74000000e+09 -1.10277717e+02 
 8.75000000e+09 -1.04124953e+02 
 8.76000000e+09 -1.14269502e+02 
 8.77000000e+09 -1.12882087e+02 
 8.78000000e+09 -1.12252125e+02 
 8.79000000e+09 -1.15312367e+02 
 8.80000000e+09 -1.14717751e+02 
 8.81000000e+09 -1.14818175e+02 
 8.82000000e+09 -1.10347808e+02 
 8.83000000e+09 -1.08874228e+02 
 8.84000000e+09 -1.10069825e+02 
 8.85000000e+09 -1.15205156e+02 
 8.86000000e+09 -1.15302483e+02 
 8.87000000e+09 -1.15342777e+02 
 8.88000000e+09 -1.15600353e+02 
 8.89000000e+09 -1.15304070e+02 
 8.90000000e+09 -1.11949873e+02 
 8.91000000e+09 -1.06632994e+02 
 8.92000000e+09 -1.19562176e+02 
 8.93000000e+09 -1.16833043e+02 
 8.94000000e+09 -1.17567207e+02 
 8.95000000e+09 -1.17123045e+02 
 8.96000000e+09 -1.09134351e+02 
 8.97000000e+09 -9.10347251e+01 
 8.98000000e+09 -7.59646990e+01 
 8.99000000e+09 -7.56666158e+01 
 9.00000000e+09 -8.83641026e+01 
 9.01000000e+09 -1.04255041e+02 
 9.02000000e+09 -1.11088190e+02 
 9.03000000e+09 -1.14247645e+02 
 9.04000000e+09 -1.13768056e+02 
 9.05000000e+09 -1.02101932e+02 
 9.06000000e+09 -9.36746832e+01 
 9.07000000e+09 -9.47985901e+01 
 9.08000000e+09 -1.18203378e+02 
 9.09000000e+09 -1.21163657e+02 
 9.10000000e+09 -1.19767217e+02 
 9.11000000e+09 -1.19463608e+02 
 9.12000000e+09 -1.19961020e+02 
 9.13000000e+09 -1.26012632e+02 
 9.14000000e+09 -1.06662625e+02 
 9.15000000e+09 -1.14796791e+02 
 9.16000000e+09 -1.19073493e+02 
 9.17000000e+09 -1.19318138e+02 
 9.18000000e+09 -1.19162670e+02 
 9.19000000e+09 -1.19670681e+02 
 9.20000000e+09 -1.20085767e+02 
 9.21000000e+09 -1.10980601e+02 
 9.22000000e+09 -1.12063272e+02 
 9.23000000e+09 -1.11900507e+02 
 9.24000000e+09 -1.20048208e+02 
 9.25000000e+09 -1.20395934e+02 
 9.26000000e+09 -1.19919081e+02 
 9.27000000e+09 -1.19622314e+02 
 9.28000000e+09 -1.18641003e+02 
 9.29000000e+09 -1.18524008e+02 
 9.30000000e+09 -1.08001766e+02 
 9.31000000e+09 -1.26476939e+02 
 9.32000000e+09 -1.21160044e+02 
 9.33000000e+09 -1.21386348e+02 
 9.34000000e+09 -1.21890272e+02 
 9.35000000e+09 -1.25478023e+02 
 9.36000000e+09 -1.16313767e+02 
 9.37000000e+09 -9.53061137e+01 
 9.38000000e+09 -9.48613999e+01 
 9.39000000e+09 -1.05001641e+02 
 9.40000000e+09 -1.16344770e+02 
 9.41000000e+09 -1.16945612e+02 
 9.42000000e+09 -1.14521763e+02 
 9.43000000e+09 -1.08242360e+02 
 9.44000000e+09 -9.12731620e+01 
 9.45000000e+09 -7.99025244e+01 
 9.46000000e+09 -8.11375935e+01 
 9.47000000e+09 -9.77408839e+01 
 9.48000000e+09 -1.12352202e+02 
 9.49000000e+09 -1.17413877e+02 
 9.50000000e+09 -1.18786092e+02 
 9.51000000e+09 -1.19417179e+02 
 9.52000000e+09 -1.18485045e+02 
 9.53000000e+09 -1.14018035e+02 
 9.54000000e+09 -1.14555522e+02 
 9.55000000e+09 -1.20547825e+02 
 9.56000000e+09 -1.20275809e+02 
 9.57000000e+09 -1.20306554e+02 
 9.58000000e+09 -1.20203163e+02 
 9.59000000e+09 -1.20398304e+02 
 9.60000000e+09 -1.17350442e+02 
 9.61000000e+09 -1.13481728e+02 
 9.62000000e+09 -1.19776120e+02 
 9.63000000e+09 -1.19770627e+02 
 9.64000000e+09 -1.19379335e+02 
 9.65000000e+09 -1.25793675e+02 
 9.66000000e+09 -1.17741118e+02 
 9.67000000e+09 -1.17812240e+02 
 9.68000000e+09 -1.19319851e+02 
 9.69000000e+09 -1.12994285e+02 
 9.70000000e+09 -1.17189839e+02 
 9.71000000e+09 -1.17402169e+02 
 9.72000000e+09 -1.16894785e+02 
 9.73000000e+09 -1.16192708e+02 
 9.74000000e+09 -1.15589965e+02 
 9.75000000e+09 -1.15608977e+02 
 9.76000000e+09 -1.06487521e+02 
 9.77000000e+09 -1.23236133e+02 
 9.78000000e+09 -1.06499995e+02 
 9.79000000e+09 -1.04437693e+02 
 9.80000000e+09 -9.96171911e+01 
 9.81000000e+09 -9.28621973e+01 
 9.82000000e+09 -8.31931283e+01 
 9.83000000e+09 -6.56183477e+01 
 9.84000000e+09 -5.25478912e+01 
 9.85000000e+09 -5.29927884e+01 
 9.86000000e+09 -6.76274908e+01 
 9.87000000e+09 -8.39374543e+01 
 9.88000000e+09 -9.31690424e+01 
 9.89000000e+09 -9.96591478e+01 
 9.90000000e+09 -1.04674145e+02 
 9.91000000e+09 -1.09717492e+02 
 9.92000000e+09 -1.06764543e+02 
 9.93000000e+09 -1.14378892e+02 
 9.94000000e+09 -1.16762553e+02 
 9.95000000e+09 -1.19156378e+02 
 9.96000000e+09 -1.21254643e+02 
 9.97000000e+09 -1.23221697e+02 
 9.98000000e+09 -1.24998532e+02 
 9.99000000e+09 -1.25508365e+02 
 1.00000000e+10 -1.31741491e+02 
 1.00100000e+10 -1.28782390e+02 
 1.00200000e+10 -1.34288958e+02 
 1.00300000e+10 -1.20283075e+02 
 1.00400000e+10 -1.21292701e+02 
