 0.00000000e+00 -5.27292674e+00 
 5.00000000e+06 -4.16169339e+00 
 1.00000000e+07 -2.34428039e+01 
 1.50000000e+07 -2.54523940e+01 
 2.00000000e+07 -2.79169422e+01 
 2.50000000e+07 -3.00867046e+01 
 3.00000000e+07 -3.10168029e+01 
 3.50000000e+07 -3.10063546e+01 
 4.00000000e+07 -3.08904000e+01 
 4.50000000e+07 -3.06025839e+01 
 5.00000000e+07 -2.88244517e+01 
 5.50000000e+07 -2.53381200e+01 
 6.00000000e+07 -2.16577876e+01 
 6.50000000e+07 -7.67027703e+00 
 7.00000000e+07 -3.80241116e+00 
 7.50000000e+07 -7.82229422e+00 
 8.00000000e+07 -2.09357543e+01 
 8.50000000e+07 -2.25071223e+01 
 9.00000000e+07 -2.44841675e+01 
 9.50000000e+07 -2.59470711e+01 
 1.00000000e+08 -2.66584081e+01 
 1.05000000e+08 -2.71982276e+01 
 1.10000000e+08 -2.77966005e+01 
 1.15000000e+08 -2.82808034e+01 
 1.20000000e+08 -2.86073511e+01 
 1.25000000e+08 -2.88905959e+01 
 1.30000000e+08 -2.93505626e+01 
 1.35000000e+08 -2.67043651e+01 
 1.40000000e+08 -2.80360840e+01 
 1.45000000e+08 -3.57057316e+01 
 1.50000000e+08 -3.18546687e+01 
 1.55000000e+08 -3.21239343e+01 
 1.60000000e+08 -3.23000151e+01 
 1.65000000e+08 -3.25304697e+01 
 1.70000000e+08 -3.27056318e+01 
 1.75000000e+08 -3.27319849e+01 
 1.80000000e+08 -3.26646386e+01 
 1.85000000e+08 -3.24969857e+01 
 1.90000000e+08 -3.18008500e+01 
 1.95000000e+08 -3.00360871e+01 
 2.00000000e+08 -2.72616437e+01 
 2.05000000e+08 -1.67699451e+01 
 2.10000000e+08 -1.49418695e+01 
 2.15000000e+08 -1.99485130e+01 
 2.20000000e+08 -3.20751817e+01 
 2.25000000e+08 -3.32098235e+01 
 2.30000000e+08 -3.46592024e+01 
 2.35000000e+08 -3.53484554e+01 
 2.40000000e+08 -3.54589112e+01 
 2.45000000e+08 -3.56529690e+01 
 2.50000000e+08 -3.59487579e+01 
 2.55000000e+08 -3.61839266e+01 
 2.60000000e+08 -3.64321055e+01 
 2.65000000e+08 -3.68974445e+01 
 2.70000000e+08 -3.83745416e+01 
 2.75000000e+08 -3.33727226e+01 
 2.80000000e+08 -3.01254952e+01 
 2.85000000e+08 -3.73749176e+01 
 2.90000000e+08 -3.90475671e+01 
 2.95000000e+08 -3.95513546e+01 
 3.00000000e+08 -4.00583854e+01 
 3.05000000e+08 -4.07625495e+01 
 3.10000000e+08 -4.16501520e+01 
 3.15000000e+08 -4.27701923e+01 
 3.20000000e+08 -4.43260729e+01 
 3.25000000e+08 -4.61578587e+01 
 3.30000000e+08 -4.72769750e+01 
 3.35000000e+08 -4.61859508e+01 
 3.40000000e+08 -3.80893313e+01 
 3.45000000e+08 -2.31074250e+01 
 3.50000000e+08 -2.04931609e+01 
 3.55000000e+08 -2.68100551e+01 
 3.60000000e+08 -4.01349545e+01 
 3.65000000e+08 -4.23023665e+01 
 3.70000000e+08 -4.44655192e+01 
 3.75000000e+08 -4.69401014e+01 
 3.80000000e+08 -4.88444799e+01 
 3.85000000e+08 -5.00403212e+01 
 3.90000000e+08 -5.13595819e+01 
 3.95000000e+08 -5.26160740e+01 
 4.00000000e+08 -5.33851411e+01 
 4.05000000e+08 -5.42130888e+01 
 4.10000000e+08 -5.65661203e+01 
 4.15000000e+08 -3.86374935e+01 
 4.20000000e+08 -3.58505863e+01 
 4.25000000e+08 -4.25698642e+01 
 4.30000000e+08 -5.11946473e+01 
 4.35000000e+08 -5.21512933e+01 
 4.40000000e+08 -5.28110286e+01 
 4.45000000e+08 -5.31471804e+01 
 4.50000000e+08 -5.31596392e+01 
 4.55000000e+08 -5.28425450e+01 
 4.60000000e+08 -5.18772172e+01 
 4.65000000e+08 -5.04124387e+01 
 4.70000000e+08 -4.94020418e+01 
 4.75000000e+08 -4.59645866e+01 
 4.80000000e+08 -3.76528900e+01 
 4.85000000e+08 -2.84411503e+01 
 4.90000000e+08 -2.68560648e+01 
 4.95000000e+08 -3.23808473e+01 
 5.00000000e+08 -4.19917738e+01 
 5.05000000e+08 -4.31150514e+01 
 5.10000000e+08 -4.41238078e+01 
 5.15000000e+08 -4.50129696e+01 
 5.20000000e+08 -4.54729664e+01 
 5.25000000e+08 -4.57766353e+01 
 5.30000000e+08 -4.62170732e+01 
 5.35000000e+08 -4.67276779e+01 
 5.40000000e+08 -4.71993808e+01 
 5.45000000e+08 -4.78619007e+01 
 5.50000000e+08 -5.21714532e+01 
 5.55000000e+08 -3.86868633e+01 
 5.60000000e+08 -3.68945272e+01 
 5.65000000e+08 -4.63041658e+01 
 5.70000000e+08 -4.97268994e+01 
 5.75000000e+08 -5.11170432e+01 
 5.80000000e+08 -5.21299081e+01 
 5.85000000e+08 -5.33523391e+01 
 5.90000000e+08 -5.50761142e+01 
 5.95000000e+08 -5.74515034e+01 
 6.00000000e+08 -6.16828164e+01 
 6.05000000e+08 -7.21747235e+01 
 6.10000000e+08 -7.05894204e+01 
 6.15000000e+08 -5.58608385e+01 
 6.20000000e+08 -4.29214800e+01 
 6.25000000e+08 -3.26612196e+01 
 6.30000000e+08 -3.19270719e+01 
 6.35000000e+08 -3.99005608e+01 
 6.40000000e+08 -5.18401203e+01 
 6.45000000e+08 -5.55854069e+01 
 6.50000000e+08 -5.81500781e+01 
 6.55000000e+08 -6.03070547e+01 
 6.60000000e+08 -6.00403501e+01 
 6.65000000e+08 -5.89874357e+01 
 6.70000000e+08 -5.83248961e+01 
 6.75000000e+08 -5.77338346e+01 
 6.80000000e+08 -5.72885960e+01 
 6.85000000e+08 -5.86412131e+01 
 6.90000000e+08 -5.72490287e+01 
 6.95000000e+08 -4.41084435e+01 
 7.00000000e+08 -4.04760566e+01 
 7.05000000e+08 -4.62553146e+01 
 7.10000000e+08 -5.01966460e+01 
 7.15000000e+08 -5.10741585e+01 
 7.20000000e+08 -5.15419580e+01 
 7.25000000e+08 -5.18986467e+01 
 7.30000000e+08 -5.22833941e+01 
 7.35000000e+08 -5.26236241e+01 
 7.40000000e+08 -5.29988049e+01 
 7.45000000e+08 -5.32279878e+01 
 7.50000000e+08 -5.34709659e+01 
 7.55000000e+08 -5.34527950e+01 
 7.60000000e+08 -4.54225114e+01 
 7.65000000e+08 -3.88681568e+01 
 7.70000000e+08 -3.77717920e+01 
 7.75000000e+08 -4.40841024e+01 
 7.80000000e+08 -5.08501020e+01 
 7.85000000e+08 -5.27895945e+01 
 7.90000000e+08 -5.40725591e+01 
 7.95000000e+08 -5.54564095e+01 
 8.00000000e+08 -5.68736018e+01 
 8.05000000e+08 -5.81248345e+01 
 8.10000000e+08 -5.95998584e+01 
 8.15000000e+08 -6.15624563e+01 
 8.20000000e+08 -6.39206683e+01 
 8.25000000e+08 -6.46776350e+01 
 8.30000000e+08 -5.48194628e+01 
 8.35000000e+08 -4.52729570e+01 
 8.40000000e+08 -4.56580608e+01 
 8.45000000e+08 -5.47999079e+01 
 8.50000000e+08 -6.19031846e+01 
 8.55000000e+08 -6.34392747e+01 
 8.60000000e+08 -6.34584845e+01 
 8.65000000e+08 -6.30115859e+01 
 8.70000000e+08 -6.23675238e+01 
 8.75000000e+08 -6.14737933e+01 
 8.80000000e+08 -6.04708844e+01 
 8.85000000e+08 -5.92672135e+01 
 8.90000000e+08 -5.84572564e+01 
 8.95000000e+08 -5.68543325e+01 
 9.00000000e+08 -4.86779756e+01 
 9.05000000e+08 -4.35132359e+01 
 9.10000000e+08 -4.53898750e+01 
 9.15000000e+08 -5.30730946e+01 
 9.20000000e+08 -6.04246310e+01 
 9.25000000e+08 -6.09453209e+01 
 9.30000000e+08 -6.11670102e+01 
 9.35000000e+08 -6.16271021e+01 
 9.40000000e+08 -6.19445462e+01 
 9.45000000e+08 -6.22058580e+01 
 9.50000000e+08 -6.28329333e+01 
 9.55000000e+08 -6.38892029e+01 
 9.60000000e+08 -6.50767500e+01 
 9.65000000e+08 -6.74872335e+01 
 9.70000000e+08 -6.22379140e+01 
 9.75000000e+08 -4.99055227e+01 
 9.80000000e+08 -4.92482944e+01 
 9.85000000e+08 -5.79539135e+01 
 9.90000000e+08 -6.13278611e+01 
 9.95000000e+08 -6.32429007e+01 
 1.00000000e+09 -6.44850064e+01 
 1.00500000e+09 -6.54056988e+01 
 1.01000000e+09 -6.63641932e+01 
 1.01500000e+09 -6.69680176e+01 
 1.02000000e+09 -6.75007492e+01 
 1.02500000e+09 -6.75892397e+01 
 1.03000000e+09 -6.72657769e+01 
 1.03500000e+09 -6.61970631e+01 
 1.04000000e+09 -5.60392086e+01 
 1.04500000e+09 -5.07913468e+01 
 1.05000000e+09 -5.21746288e+01 
 1.05500000e+09 -6.13056548e+01 
 1.06000000e+09 -6.79078836e+01 
 1.06500000e+09 -7.12698004e+01 
 1.07000000e+09 -7.33576940e+01 
 1.07500000e+09 -7.55828075e+01 
 1.08000000e+09 -7.85202511e+01 
 1.08500000e+09 -8.21028006e+01 
 1.09000000e+09 -8.77723734e+01 
 1.09500000e+09 -8.59972907e+01 
 1.10000000e+09 -7.93192976e+01 
 1.10500000e+09 -7.48306288e+01 
 1.11000000e+09 -6.06775465e+01 
 1.11500000e+09 -5.51950711e+01 
 1.12000000e+09 -5.67006760e+01 
 1.12500000e+09 -6.50208873e+01 
 1.13000000e+09 -6.91092890e+01 
 1.13500000e+09 -6.99178696e+01 
 1.14000000e+09 -6.96795999e+01 
 1.14500000e+09 -6.94232112e+01 
 1.15000000e+09 -6.92774894e+01 
 1.15500000e+09 -6.89361515e+01 
 1.16000000e+09 -6.85387673e+01 
 1.16500000e+09 -6.80801225e+01 
 1.17000000e+09 -6.78592531e+01 
 1.17500000e+09 -6.73247510e+01 
 1.18000000e+09 -6.10432826e+01 
 1.18500000e+09 -5.91689326e+01 
 1.19000000e+09 -6.53895913e+01 
 1.19500000e+09 -7.00148979e+01 
 1.20000000e+09 -7.26205922e+01 
 1.20500000e+09 -7.22913620e+01 
 1.21000000e+09 -7.25783254e+01 
 1.21500000e+09 -7.31655966e+01 
 1.22000000e+09 -7.39525145e+01 
 1.22500000e+09 -7.47084696e+01 
 1.23000000e+09 -7.59720628e+01 
 1.23500000e+09 -7.79267042e+01 
 1.24000000e+09 -8.10867863e+01 
 1.24500000e+09 -8.24066408e+01 
 1.25000000e+09 -6.25467260e+01 
 1.25500000e+09 -5.63463118e+01 
 1.26000000e+09 -5.94988689e+01 
 1.26500000e+09 -7.38864493e+01 
 1.27000000e+09 -8.08556164e+01 
 1.27500000e+09 -8.75111891e+01 
 1.28000000e+09 -8.33705758e+01 
 1.28500000e+09 -8.00665538e+01 
 1.29000000e+09 -7.78997020e+01 
 1.29500000e+09 -7.64573142e+01 
 1.30000000e+09 -7.50923313e+01 
 1.30500000e+09 -7.38645872e+01 
 1.31000000e+09 -7.32525030e+01 
 1.31500000e+09 -7.27540116e+01 
 1.32000000e+09 -6.57478232e+01 
 1.32500000e+09 -6.29716172e+01 
 1.33000000e+09 -7.18715623e+01 
 1.33500000e+09 -7.79970135e+01 
 1.34000000e+09 -7.69393227e+01 
 1.34500000e+09 -7.59036651e+01 
 1.35000000e+09 -7.52360473e+01 
 1.35500000e+09 -7.51920130e+01 
 1.36000000e+09 -7.52159135e+01 
 1.36500000e+09 -7.51081326e+01 
 1.37000000e+09 -7.50192297e+01 
 1.37500000e+09 -7.49370565e+01 
 1.38000000e+09 -7.33615219e+01 
 1.38500000e+09 -7.09519571e+01 
 1.39000000e+09 -6.07034931e+01 
 1.39500000e+09 -5.66226609e+01 
 1.40000000e+09 -5.86082087e+01 
 1.40500000e+09 -6.78159160e+01 
 1.41000000e+09 -7.00561020e+01 
 1.41500000e+09 -7.19060950e+01 
 1.42000000e+09 -7.28148747e+01 
 1.42500000e+09 -7.32524139e+01 
 1.43000000e+09 -7.39228321e+01 
 1.43500000e+09 -7.43363908e+01 
 1.44000000e+09 -7.45093720e+01 
 1.44500000e+09 -7.46796080e+01 
 1.45000000e+09 -7.45993736e+01 
 1.45500000e+09 -7.37266034e+01 
 1.46000000e+09 -6.54902910e+01 
 1.46500000e+09 -6.36314955e+01 
 1.47000000e+09 -6.90402556e+01 
 1.47500000e+09 -8.39065103e+01 
 1.48000000e+09 -9.61660787e+01 
 1.48500000e+09 -9.27499915e+01 
 1.49000000e+09 -8.73910286e+01 
 1.49500000e+09 -8.47957638e+01 
 1.50000000e+09 -8.21689588e+01 
 1.50500000e+09 -8.01845597e+01 
 1.51000000e+09 -7.81763277e+01 
 1.51500000e+09 -7.59608060e+01 
 1.52000000e+09 -7.27663339e+01 
 1.52500000e+09 -6.94562680e+01 
 1.53000000e+09 -5.81166522e+01 
 1.53500000e+09 -5.54608292e+01 
 1.54000000e+09 -6.00157361e+01 
 1.54500000e+09 -7.21729417e+01 
 1.55000000e+09 -7.45451359e+01 
 1.55500000e+09 -7.55626822e+01 
 1.56000000e+09 -7.50856460e+01 
 1.56500000e+09 -7.42585302e+01 
 1.57000000e+09 -7.37294528e+01 
 1.57500000e+09 -7.31801750e+01 
 1.58000000e+09 -7.25409462e+01 
 1.58500000e+09 -7.18358863e+01 
 1.59000000e+09 -7.14990517e+01 
 1.59500000e+09 -7.10612329e+01 
 1.60000000e+09 -6.36207084e+01 
 1.60500000e+09 -6.29411968e+01 
 1.61000000e+09 -7.61649331e+01 
 1.61500000e+09 -7.59984898e+01 
 1.62000000e+09 -7.57023041e+01 
 1.62500000e+09 -7.51447876e+01 
 1.63000000e+09 -7.46887423e+01 
 1.63500000e+09 -7.47022927e+01 
 1.64000000e+09 -7.49327343e+01 
 1.64500000e+09 -7.49177468e+01 
 1.65000000e+09 -7.48034311e+01 
 1.65500000e+09 -7.50148299e+01 
 1.66000000e+09 -7.31281016e+01 
 1.66500000e+09 -6.86750022e+01 
 1.67000000e+09 -5.87057096e+01 
 1.67500000e+09 -5.59663800e+01 
 1.68000000e+09 -6.00930201e+01 
 1.68500000e+09 -7.17194795e+01 
 1.69000000e+09 -7.35613316e+01 
 1.69500000e+09 -7.65202874e+01 
 1.70000000e+09 -7.93206352e+01 
 1.70500000e+09 -8.13896328e+01 
 1.71000000e+09 -8.42371674e+01 
 1.71500000e+09 -8.64577282e+01 
 1.72000000e+09 -8.67699401e+01 
 1.72500000e+09 -8.48599800e+01 
 1.73000000e+09 -8.39512645e+01 
 1.73500000e+09 -8.36483153e+01 
 1.74000000e+09 -6.82887333e+01 
 1.74500000e+09 -6.49588147e+01 
 1.75000000e+09 -7.21126714e+01 
 1.75500000e+09 -7.80728078e+01 
 1.76000000e+09 -7.69764960e+01 
 1.76500000e+09 -7.62411118e+01 
 1.77000000e+09 -7.54616465e+01 
 1.77500000e+09 -7.48284819e+01 
 1.78000000e+09 -7.42150913e+01 
 1.78500000e+09 -7.36707905e+01 
 1.79000000e+09 -7.29404623e+01 
 1.79500000e+09 -7.22791914e+01 
 1.80000000e+09 -7.05048717e+01 
 1.80500000e+09 -6.67443445e+01 
 1.81000000e+09 -5.81899710e+01 
 1.81500000e+09 -5.76931006e+01 
 1.82000000e+09 -6.36249713e+01 
 1.82500000e+09 -7.50599826e+01 
 1.83000000e+09 -7.54748765e+01 
 1.83500000e+09 -7.63576906e+01 
 1.84000000e+09 -7.68128762e+01 
 1.84500000e+09 -7.67824014e+01 
 1.85000000e+09 -7.72208930e+01 
 1.85500000e+09 -7.74561150e+01 
 1.86000000e+09 -7.75840372e+01 
 1.86500000e+09 -7.79246993e+01 
 1.87000000e+09 -7.85373153e+01 
 1.87500000e+09 -7.80741771e+01 
 1.88000000e+09 -7.02641992e+01 
 1.88500000e+09 -7.05330000e+01 
 1.89000000e+09 -8.24247352e+01 
 1.89500000e+09 -8.87629659e+01 
 1.90000000e+09 -8.93112742e+01 
 1.90500000e+09 -8.86639493e+01 
 1.91000000e+09 -8.72198695e+01 
 1.91500000e+09 -8.61064568e+01 
 1.92000000e+09 -8.50430171e+01 
 1.92500000e+09 -8.38040754e+01 
 1.93000000e+09 -8.19875901e+01 
 1.93500000e+09 -8.05213442e+01 
 1.94000000e+09 -7.71810324e+01 
 1.94500000e+09 -7.03290231e+01 
 1.95000000e+09 -5.99297454e+01 
 1.95500000e+09 -5.89502920e+01 
 1.96000000e+09 -6.65968844e+01 
 1.96500000e+09 -8.30683982e+01 
 1.97000000e+09 -8.80864284e+01 
 1.97500000e+09 -1.00672285e+02 
 1.98000000e+09 -9.75212822e+01 
 1.98500000e+09 -9.05731855e+01 
 1.99000000e+09 -8.83714084e+01 
 1.99500000e+09 -8.68559667e+01 
 2.00000000e+09 -8.52809144e+01 
 2.00500000e+09 -8.35852850e+01 
 2.01000000e+09 -8.39807289e+01 
 2.01500000e+09 -8.76042044e+01 
 2.02000000e+09 -7.74002175e+01 
 2.02500000e+09 -7.28884420e+01 
 2.03000000e+09 -7.80162145e+01 
 2.03500000e+09 -7.95452777e+01 
 2.04000000e+09 -7.98277467e+01 
 2.04500000e+09 -8.00424536e+01 
 2.05000000e+09 -7.97510851e+01 
 2.05500000e+09 -7.95304244e+01 
 2.06000000e+09 -7.95128078e+01 
 2.06500000e+09 -7.92843497e+01 
 2.07000000e+09 -7.86176077e+01 
 2.07500000e+09 -7.83440091e+01 
 2.08000000e+09 -7.65334823e+01 
 2.08500000e+09 -7.00453705e+01 
 2.09000000e+09 -6.21306619e+01 
 2.09500000e+09 -6.24362349e+01 
 2.10000000e+09 -7.02075717e+01 
 2.10500000e+09 -8.29580421e+01 
 2.11000000e+09 -8.38752043e+01 
 2.11500000e+09 -8.54415000e+01 
 2.12000000e+09 -8.71834635e+01 
 2.12500000e+09 -8.83308380e+01 
 2.13000000e+09 -8.96167465e+01 
 2.13500000e+09 -9.00419731e+01 
 2.14000000e+09 -9.13314188e+01 
 2.14500000e+09 -9.55078176e+01 
 2.15000000e+09 -9.52419093e+01 
 2.15500000e+09 -8.91211950e+01 
 2.16000000e+09 -8.09993938e+01 
 2.16500000e+09 -8.21407407e+01 
 2.17000000e+09 -8.72025564e+01 
 2.17500000e+09 -9.08617266e+01 
 2.18000000e+09 -8.86243763e+01 
 2.18500000e+09 -8.85148548e+01 
 2.19000000e+09 -8.76235444e+01 
 2.19500000e+09 -8.65216408e+01 
 2.20000000e+09 -8.55706583e+01 
 2.20500000e+09 -8.52405413e+01 
 2.21000000e+09 -8.44534264e+01 
 2.21500000e+09 -8.39152635e+01 
 2.22000000e+09 -8.21706804e+01 
 2.22500000e+09 -7.40326011e+01 
 2.23000000e+09 -6.45553531e+01 
 2.23500000e+09 -6.51711675e+01 
 2.24000000e+09 -7.65642829e+01 
 2.24500000e+09 -8.74387147e+01 
 2.25000000e+09 -9.26092811e+01 
 2.25500000e+09 -9.32437988e+01 
 2.26000000e+09 -9.11636391e+01 
 2.26500000e+09 -8.92950452e+01 
 2.27000000e+09 -8.95049293e+01 
 2.27500000e+09 -8.96692696e+01 
 2.28000000e+09 -8.89590064e+01 
 2.28500000e+09 -8.79328688e+01 
 2.29000000e+09 -8.94377112e+01 
 2.29500000e+09 -8.72023547e+01 
 2.30000000e+09 -8.23825745e+01 
 2.30500000e+09 -7.81531569e+01 
 2.31000000e+09 -8.31092030e+01 
 2.31500000e+09 -8.67060399e+01 
 2.32000000e+09 -8.89334891e+01 
 2.32500000e+09 -9.04992214e+01 
 2.33000000e+09 -9.09780102e+01 
 2.33500000e+09 -9.20539622e+01 
 2.34000000e+09 -9.44952006e+01 
 2.34500000e+09 -9.43725330e+01 
 2.35000000e+09 -9.35003997e+01 
 2.35500000e+09 -9.45176378e+01 
 2.36000000e+09 -9.11151353e+01 
 2.36500000e+09 -7.66640323e+01 
 2.37000000e+09 -6.88056094e+01 
 2.37500000e+09 -6.89872711e+01 
 2.38000000e+09 -7.80257409e+01 
 2.38500000e+09 -8.40926576e+01 
 2.39000000e+09 -8.58511321e+01 
 2.39500000e+09 -8.78446596e+01 
 2.40000000e+09 -8.89517978e+01 
 2.40500000e+09 -9.03477975e+01 
 2.41000000e+09 -8.98058400e+01 
 2.41500000e+09 -9.03372364e+01 
 2.42000000e+09 -9.09246921e+01 
 2.42500000e+09 -9.04410080e+01 
 2.43000000e+09 -8.86453541e+01 
 2.43500000e+09 -8.15058747e+01 
 2.44000000e+09 -7.69279498e+01 
 2.44500000e+09 -8.03258289e+01 
 2.45000000e+09 -8.82187125e+01 
 2.45500000e+09 -9.30593548e+01 
 2.46000000e+09 -9.19101931e+01 
 2.46500000e+09 -9.23660522e+01 
 2.47000000e+09 -9.20600727e+01 
 2.47500000e+09 -9.09347945e+01 
 2.48000000e+09 -9.14360830e+01 
 2.48500000e+09 -9.15449299e+01 
 2.49000000e+09 -9.00337539e+01 
 2.49500000e+09 -9.04958484e+01 
 2.50000000e+09 -8.94763767e+01 
 2.50500000e+09 -7.72243635e+01 
 2.51000000e+09 -7.06259472e+01 
 2.51500000e+09 -7.27320130e+01 
 2.52000000e+09 -8.48271979e+01 
 2.52500000e+09 -9.37478235e+01 
 2.53000000e+09 -9.71350213e+01 
 2.53500000e+09 -9.98756317e+01 
 2.54000000e+09 -1.02252468e+02 
 2.54500000e+09 -1.05237946e+02 
 2.55000000e+09 -1.04972584e+02 
 2.55500000e+09 -1.02525062e+02 
 2.56000000e+09 -1.02756194e+02 
 2.56500000e+09 -1.04514887e+02 
 2.57000000e+09 -1.09994440e+02 
 2.57500000e+09 -8.42200828e+01 
 2.58000000e+09 -7.61086230e+01 
 2.58500000e+09 -7.69984453e+01 
 2.59000000e+09 -8.74838678e+01 
 2.59500000e+09 -9.06219320e+01 
 2.60000000e+09 -9.36156966e+01 
 2.60500000e+09 -9.38911360e+01 
 2.61000000e+09 -9.44072727e+01 
 2.61500000e+09 -9.68527127e+01 
 2.62000000e+09 -9.61300015e+01 
 2.62500000e+09 -9.62163156e+01 
 2.63000000e+09 -1.00276155e+02 
 2.63500000e+09 -1.00221975e+02 
 2.64000000e+09 -9.84527910e+01 
 2.64500000e+09 -7.98551698e+01 
 2.65000000e+09 -7.21762503e+01 
 2.65500000e+09 -7.32545887e+01 
 2.66000000e+09 -8.36425201e+01 
 2.66500000e+09 -8.63591867e+01 
 2.67000000e+09 -8.76020483e+01 
 2.67500000e+09 -8.93539028e+01 
 2.68000000e+09 -9.08446047e+01 
 2.68500000e+09 -9.18867203e+01 
 2.69000000e+09 -9.21582683e+01 
 2.69500000e+09 -9.34694371e+01 
 2.70000000e+09 -9.35159762e+01 
 2.70500000e+09 -9.28705476e+01 
 2.71000000e+09 -9.15161190e+01 
 2.71500000e+09 -7.98756068e+01 
 2.72000000e+09 -7.57396365e+01 
 2.72500000e+09 -7.85854996e+01 
 2.73000000e+09 -8.83482795e+01 
 2.73500000e+09 -9.16712417e+01 
 2.74000000e+09 -9.43272295e+01 
 2.74500000e+09 -9.37504886e+01 
 2.75000000e+09 -9.29252302e+01 
 2.75500000e+09 -9.28828275e+01 
 2.76000000e+09 -9.35387471e+01 
 2.76500000e+09 -9.24054808e+01 
 2.77000000e+09 -9.12338006e+01 
 2.77500000e+09 -9.07451986e+01 
 2.78000000e+09 -8.82985078e+01 
 2.78500000e+09 -7.74604438e+01 
 2.79000000e+09 -7.35680811e+01 
 2.79500000e+09 -7.55601566e+01 
 2.80000000e+09 -8.44535506e+01 
 2.80500000e+09 -8.73828252e+01 
 2.81000000e+09 -8.82909499e+01 
 2.81500000e+09 -8.86544996e+01 
 2.82000000e+09 -8.93251887e+01 
 2.82500000e+09 -9.05643943e+01 
 2.83000000e+09 -9.04546941e+01 
 2.83500000e+09 -9.11674471e+01 
 2.84000000e+09 -9.24749010e+01 
 2.84500000e+09 -9.49062686e+01 
 2.85000000e+09 -1.00999869e+02 
 2.85500000e+09 -8.05386065e+01 
 2.86000000e+09 -7.41472730e+01 
 2.86500000e+09 -7.75384215e+01 
 2.87000000e+09 -9.07827858e+01 
 2.87500000e+09 -9.30096962e+01 
 2.88000000e+09 -9.51423507e+01 
 2.88500000e+09 -9.60463129e+01 
 2.89000000e+09 -9.85388743e+01 
 2.89500000e+09 -1.02650561e+02 
 2.90000000e+09 -1.02740010e+02 
 2.90500000e+09 -1.05495512e+02 
 2.91000000e+09 -1.08612907e+02 
 2.91500000e+09 -1.02933907e+02 
 2.92000000e+09 -9.41132226e+01 
 2.92500000e+09 -7.83164483e+01 
 2.93000000e+09 -7.37368953e+01 
 2.93500000e+09 -7.71870119e+01 
 2.94000000e+09 -8.98897823e+01 
 2.94500000e+09 -9.28193742e+01 
 2.95000000e+09 -9.45918112e+01 
 2.95500000e+09 -9.76505597e+01 
 2.96000000e+09 -9.99098246e+01 
 2.96500000e+09 -1.04435625e+02 
 2.97000000e+09 -1.03228907e+02 
 2.97500000e+09 -1.02044966e+02 
 2.98000000e+09 -1.03737691e+02 
 2.98500000e+09 -1.01686553e+02 
 2.99000000e+09 -9.36119428e+01 
 2.99500000e+09 -8.02713085e+01 
 3.00000000e+09 -7.53773012e+01 
 3.00500000e+09 -7.79241951e+01 
 3.01000000e+09 -8.71554396e+01 
 3.01500000e+09 -8.85827769e+01 
 3.02000000e+09 -9.04736657e+01 
 3.02500000e+09 -9.03267510e+01 
 3.03000000e+09 -9.06950572e+01 
 3.03500000e+09 -9.16794562e+01 
 3.04000000e+09 -9.14386887e+01 
 3.04500000e+09 -9.11765397e+01 
 3.05000000e+09 -9.17750549e+01 
 3.05500000e+09 -9.08049498e+01 
 3.06000000e+09 -8.73297638e+01 
 3.06500000e+09 -7.92960476e+01 
 3.07000000e+09 -7.68257246e+01 
 3.07500000e+09 -7.94530104e+01 
 3.08000000e+09 -8.82921662e+01 
 3.08500000e+09 -8.97980991e+01 
 3.09000000e+09 -8.97479412e+01 
 3.09500000e+09 -9.10434647e+01 
 3.10000000e+09 -9.20004291e+01 
 3.10500000e+09 -9.34806629e+01 
 3.11000000e+09 -9.38543313e+01 
 3.11500000e+09 -9.53206975e+01 
 3.12000000e+09 -9.77931395e+01 
 3.12500000e+09 -1.03410666e+02 
 3.13000000e+09 -9.95277793e+01 
 3.13500000e+09 -7.95893123e+01 
 3.14000000e+09 -7.54899030e+01 
 3.14500000e+09 -8.01510937e+01 
 3.15000000e+09 -9.19805041e+01 
 3.15500000e+09 -9.46107189e+01 
 3.16000000e+09 -9.72258898e+01 
 3.16500000e+09 -9.79827409e+01 
 3.17000000e+09 -9.88954761e+01 
 3.17500000e+09 -1.01085713e+02 
 3.18000000e+09 -9.97537469e+01 
 3.18500000e+09 -9.75305011e+01 
 3.19000000e+09 -9.68203039e+01 
 3.19500000e+09 -9.53935135e+01 
 3.20000000e+09 -9.03743489e+01 
 3.20500000e+09 -8.01918721e+01 
 3.21000000e+09 -7.88552695e+01 
 3.21500000e+09 -8.52211184e+01 
 3.22000000e+09 -9.97488722e+01 
 3.22500000e+09 -1.03575927e+02 
 3.23000000e+09 -9.86046677e+01 
 3.23500000e+09 -9.69507901e+01 
 3.24000000e+09 -9.61434804e+01 
 3.24500000e+09 -9.64829418e+01 
 3.25000000e+09 -9.57007904e+01 
 3.25500000e+09 -9.51448665e+01 
 3.26000000e+09 -9.56680353e+01 
 3.26500000e+09 -9.61060317e+01 
 3.27000000e+09 -9.09166216e+01 
 3.27500000e+09 -8.18743167e+01 
 3.28000000e+09 -7.74000316e+01 
 3.28500000e+09 -8.08625032e+01 
 3.29000000e+09 -8.86380487e+01 
 3.29500000e+09 -9.02405710e+01 
 3.30000000e+09 -9.08440518e+01 
 3.30500000e+09 -9.16252276e+01 
 3.31000000e+09 -9.27245253e+01 
 3.31500000e+09 -9.45824085e+01 
 3.32000000e+09 -9.44563106e+01 
 3.32500000e+09 -9.48678840e+01 
 3.33000000e+09 -9.70259584e+01 
 3.33500000e+09 -9.63068716e+01 
 3.34000000e+09 -9.13930884e+01 
 3.34500000e+09 -8.42790152e+01 
 3.35000000e+09 -8.28360388e+01 
 3.35500000e+09 -8.76499800e+01 
 3.36000000e+09 -9.96074610e+01 
 3.36500000e+09 -9.98087231e+01 
 3.37000000e+09 -9.91687249e+01 
 3.37500000e+09 -1.04684372e+02 
 3.38000000e+09 -1.09883808e+02 
 3.38500000e+09 -1.14088670e+02 
 3.39000000e+09 -1.20004029e+02 
 3.39500000e+09 -1.09827369e+02 
 3.40000000e+09 -1.07300127e+02 
 3.40500000e+09 -1.01117932e+02 
 3.41000000e+09 -9.07962986e+01 
 3.41500000e+09 -8.17554470e+01 
 3.42000000e+09 -8.01927963e+01 
 3.42500000e+09 -8.52067989e+01 
 3.43000000e+09 -9.38539519e+01 
 3.43500000e+09 -9.60314724e+01 
 3.44000000e+09 -9.54761121e+01 
 3.44500000e+09 -9.53553520e+01 
 3.45000000e+09 -9.50198574e+01 
 3.45500000e+09 -9.62612214e+01 
 3.46000000e+09 -9.61881775e+01 
 3.46500000e+09 -9.52988257e+01 
 3.47000000e+09 -9.55585955e+01 
 3.47500000e+09 -9.54477240e+01 
 3.48000000e+09 -9.19115619e+01 
 3.48500000e+09 -8.53605616e+01 
 3.49000000e+09 -8.74764664e+01 
 3.49500000e+09 -9.73040104e+01 
 3.50000000e+09 -1.02467352e+02 
 3.50500000e+09 -1.05872407e+02 
 3.51000000e+09 -1.00910112e+02 
 3.51500000e+09 -9.98256054e+01 
 3.52000000e+09 -1.00496917e+02 
 3.52500000e+09 -1.01569856e+02 
 3.53000000e+09 -1.00338309e+02 
 3.53500000e+09 -1.01000962e+02 
 3.54000000e+09 -1.02651713e+02 
 3.54500000e+09 -1.02944545e+02 
 3.55000000e+09 -9.31493245e+01 
 3.55500000e+09 -8.40686851e+01 
 3.56000000e+09 -8.17878472e+01 
 3.56500000e+09 -8.75120633e+01 
 3.57000000e+09 -9.54160059e+01 
 3.57500000e+09 -9.93965340e+01 
 3.58000000e+09 -9.78162073e+01 
 3.58500000e+09 -9.95707172e+01 
 3.59000000e+09 -1.01116543e+02 
 3.59500000e+09 -1.04999912e+02 
 3.60000000e+09 -1.05895951e+02 
 3.60500000e+09 -1.06020773e+02 
 3.61000000e+09 -1.07459045e+02 
 3.61500000e+09 -1.07719640e+02 
 3.62000000e+09 -1.00028943e+02 
 3.62500000e+09 -8.98831088e+01 
 3.63000000e+09 -8.94480444e+01 
 3.63500000e+09 -9.95791785e+01 
 3.64000000e+09 -1.03358981e+02 
 3.64500000e+09 -1.03097431e+02 
 3.65000000e+09 -1.09054522e+02 
 3.65500000e+09 -1.04871155e+02 
 3.66000000e+09 -1.01823309e+02 
 3.66500000e+09 -1.02762973e+02 
 3.67000000e+09 -1.02467138e+02 
 3.67500000e+09 -9.98180772e+01 
 3.68000000e+09 -9.92894376e+01 
 3.68500000e+09 -9.83246503e+01 
 3.69000000e+09 -9.01242758e+01 
 3.69500000e+09 -8.48403826e+01 
 3.70000000e+09 -8.48029776e+01 
 3.70500000e+09 -8.97263001e+01 
 3.71000000e+09 -9.52872733e+01 
 3.71500000e+09 -9.81805516e+01 
 3.72000000e+09 -9.73436714e+01 
 3.72500000e+09 -9.70388758e+01 
 3.73000000e+09 -9.72925460e+01 
 3.73500000e+09 -9.83878747e+01 
 3.74000000e+09 -9.86434407e+01 
 3.74500000e+09 -9.90761685e+01 
 3.75000000e+09 -9.97521000e+01 
 3.75500000e+09 -1.00009100e+02 
 3.76000000e+09 -9.72859438e+01 
 3.76500000e+09 -9.13092925e+01 
 3.77000000e+09 -9.44732351e+01 
 3.77500000e+09 -1.10108345e+02 
 3.78000000e+09 -1.13465683e+02 
 3.78500000e+09 -1.10456367e+02 
 3.79000000e+09 -1.10401492e+02 
 3.79500000e+09 -1.16607041e+02 
 3.80000000e+09 -1.19374711e+02 
 3.80500000e+09 -1.13308976e+02 
 3.81000000e+09 -1.17242068e+02 
 3.81500000e+09 -1.12377423e+02 
 3.82000000e+09 -1.07007396e+02 
 3.82500000e+09 -1.04177683e+02 
 3.83000000e+09 -9.14752288e+01 
 3.83500000e+09 -8.42223698e+01 
 3.84000000e+09 -8.54511111e+01 
 3.84500000e+09 -9.48320482e+01 
 3.85000000e+09 -1.04094806e+02 
 3.85500000e+09 -1.09417510e+02 
 3.86000000e+09 -1.08842649e+02 
 3.86500000e+09 -1.05116936e+02 
 3.87000000e+09 -1.03520483e+02 
 3.87500000e+09 -1.03794609e+02 
 3.88000000e+09 -1.02873616e+02 
 3.88500000e+09 -1.02065994e+02 
 3.89000000e+09 -1.02240109e+02 
 3.89500000e+09 -1.02592076e+02 
 3.90000000e+09 -1.07269549e+02 
 3.90500000e+09 -9.32491727e+01 
 3.91000000e+09 -9.24931531e+01 
 3.91500000e+09 -9.99546556e+01 
 3.92000000e+09 -9.84140720e+01 
 3.92500000e+09 -1.01778786e+02 
 3.93000000e+09 -1.04715752e+02 
 3.93500000e+09 -1.02951258e+02 
 3.94000000e+09 -1.01700041e+02 
 3.94500000e+09 -1.03313849e+02 
 3.95000000e+09 -1.04134713e+02 
 3.95500000e+09 -1.02992763e+02 
 3.96000000e+09 -1.01496211e+02 
 3.96500000e+09 -1.01118714e+02 
 3.97000000e+09 -9.07921520e+01 
 3.97500000e+09 -8.55686079e+01 
 3.98000000e+09 -8.67475183e+01 
 3.98500000e+09 -9.49823017e+01 
 3.99000000e+09 -1.00961985e+02 
 3.99500000e+09 -1.04999277e+02 
 4.00000000e+09 -1.03982354e+02 
 4.00500000e+09 -1.04423421e+02 
 4.01000000e+09 -1.06921097e+02 
 4.01500000e+09 -1.10438905e+02 
 4.02000000e+09 -1.09446140e+02 
 4.02500000e+09 -1.10444246e+02 
 4.03000000e+09 -1.15742144e+02 
 4.03500000e+09 -1.24647178e+02 
 4.04000000e+09 -1.07349536e+02 
 4.04500000e+09 -9.76997700e+01 
 4.05000000e+09 -9.67590055e+01 
 4.05500000e+09 -1.03261670e+02 
 4.06000000e+09 -1.01316072e+02 
 4.06500000e+09 -1.01442559e+02 
 4.07000000e+09 -1.06549534e+02 
 4.07500000e+09 -1.04757775e+02 
 4.08000000e+09 -1.03231942e+02 
 4.08500000e+09 -1.02941631e+02 
 4.09000000e+09 -1.03037177e+02 
 4.09500000e+09 -1.02528340e+02 
 4.10000000e+09 -1.01134766e+02 
 4.10500000e+09 -1.00316658e+02 
 4.11000000e+09 -9.02727489e+01 
 4.11500000e+09 -8.56400911e+01 
 4.12000000e+09 -8.96102919e+01 
 4.12500000e+09 -1.03244130e+02 
 4.13000000e+09 -1.13045743e+02 
 4.13500000e+09 -1.14851257e+02 
 4.14000000e+09 -1.09937437e+02 
 4.14500000e+09 -1.07306055e+02 
 4.15000000e+09 -1.05035227e+02 
 4.15500000e+09 -1.06128711e+02 
 4.16000000e+09 -1.06126997e+02 
 4.16500000e+09 -1.04105103e+02 
 4.17000000e+09 -1.04320373e+02 
 4.17500000e+09 -1.06667992e+02 
 4.18000000e+09 -1.21798175e+02 
 4.18500000e+09 -9.80118662e+01 
 4.19000000e+09 -9.66519230e+01 
 4.19500000e+09 -1.02823812e+02 
 4.20000000e+09 -1.01319649e+02 
 4.20500000e+09 -1.05302426e+02 
 4.21000000e+09 -1.09680722e+02 
 4.21500000e+09 -1.07626473e+02 
 4.22000000e+09 -1.07429512e+02 
 4.22500000e+09 -1.10675929e+02 
 4.23000000e+09 -1.10897497e+02 
 4.23500000e+09 -1.09665387e+02 
 4.24000000e+09 -1.07905793e+02 
 4.24500000e+09 -1.07219594e+02 
 4.25000000e+09 -9.24400157e+01 
 4.25500000e+09 -8.73932757e+01 
 4.26000000e+09 -9.06281863e+01 
 4.26500000e+09 -1.04892438e+02 
 4.27000000e+09 -1.10135859e+02 
 4.27500000e+09 -1.06243268e+02 
 4.28000000e+09 -1.10088973e+02 
 4.28500000e+09 -1.11826050e+02 
 4.29000000e+09 -1.12612573e+02 
 4.29500000e+09 -1.09896396e+02 
 4.30000000e+09 -1.10235728e+02 
 4.30500000e+09 -1.10920873e+02 
 4.31000000e+09 -1.05589286e+02 
 4.31500000e+09 -1.05382186e+02 
 4.32000000e+09 -1.03007677e+02 
 4.32500000e+09 -1.04818629e+02 
 4.33000000e+09 -1.00025340e+02 
 4.33500000e+09 -1.03781788e+02 
 4.34000000e+09 -1.01766198e+02 
 4.34500000e+09 -1.02439409e+02 
 4.35000000e+09 -1.05401807e+02 
 4.35500000e+09 -1.04613410e+02 
 4.36000000e+09 -1.03042657e+02 
 4.36500000e+09 -1.04258151e+02 
 4.37000000e+09 -1.04919080e+02 
 4.37500000e+09 -1.03480504e+02 
 4.38000000e+09 -1.02786998e+02 
 4.38500000e+09 -1.03081812e+02 
 4.39000000e+09 -9.19473483e+01 
 4.39500000e+09 -8.91330896e+01 
 4.40000000e+09 -9.43896340e+01 
 4.40500000e+09 -1.09661687e+02 
 4.41000000e+09 -1.20591270e+02 
 4.41500000e+09 -1.16797731e+02 
 4.42000000e+09 -1.20619026e+02 
 4.42500000e+09 -1.24832229e+02 
 4.43000000e+09 -1.27402179e+02 
 4.43500000e+09 -1.34385116e+02 
 4.44000000e+09 -1.27747727e+02 
 4.44500000e+09 -1.21701950e+02 
 4.45000000e+09 -1.15353991e+02 
 4.45500000e+09 -1.12739476e+02 
 4.46000000e+09 -1.02276481e+02 
 4.46500000e+09 -9.96243204e+01 
 4.47000000e+09 -1.03501912e+02 
 4.47500000e+09 -1.15324274e+02 
 4.48000000e+09 -1.09719685e+02 
 4.48500000e+09 -1.08932875e+02 
 4.49000000e+09 -1.13149046e+02 
 4.49500000e+09 -1.16943595e+02 
 4.50000000e+09 -1.12307651e+02 
 4.50500000e+09 -1.09887978e+02 
 4.51000000e+09 -1.13360200e+02 
 4.51500000e+09 -1.11731547e+02 
 4.52000000e+09 -1.08902103e+02 
 4.52500000e+09 -1.14861150e+02 
 4.53000000e+09 -9.39264606e+01 
 4.53500000e+09 -8.97408088e+01 
 4.54000000e+09 -9.49129802e+01 
 4.54500000e+09 -1.09878951e+02 
 4.55000000e+09 -1.09966949e+02 
 4.55500000e+09 -1.06061940e+02 
 4.56000000e+09 -1.09909765e+02 
 4.56500000e+09 -1.10534777e+02 
 4.57000000e+09 -1.09173911e+02 
 4.57500000e+09 -1.10026883e+02 
 4.58000000e+09 -1.11153908e+02 
 4.58500000e+09 -1.09923840e+02 
 4.59000000e+09 -1.06178890e+02 
 4.59500000e+09 -1.05805994e+02 
 4.60000000e+09 -1.00773039e+02 
 4.60500000e+09 -9.90598573e+01 
 4.61000000e+09 -1.00233952e+02 
 4.61500000e+09 -1.07618743e+02 
 4.62000000e+09 -1.04708847e+02 
 4.62500000e+09 -1.08037672e+02 
 4.63000000e+09 -1.13901098e+02 
 4.63500000e+09 -1.17784059e+02 
 4.64000000e+09 -1.11580840e+02 
 4.64500000e+09 -1.13480713e+02 
 4.65000000e+09 -1.20624932e+02 
 4.65500000e+09 -1.13040460e+02 
 4.66000000e+09 -1.14179479e+02 
 4.66500000e+09 -1.08626078e+02 
 4.67000000e+09 -9.51777657e+01 
 4.67500000e+09 -9.21832956e+01 
 4.68000000e+09 -9.66595169e+01 
 4.68500000e+09 -1.07369712e+02 
 4.69000000e+09 -1.11429103e+02 
 4.69500000e+09 -1.07577094e+02 
 4.70000000e+09 -1.08697169e+02 
 4.70500000e+09 -1.12083338e+02 
 4.71000000e+09 -1.12041922e+02 
 4.71500000e+09 -1.09397509e+02 
 4.72000000e+09 -1.11206470e+02 
 4.72500000e+09 -1.16672854e+02 
 4.73000000e+09 -1.07168638e+02 
 4.73500000e+09 -1.05825308e+02 
 4.74000000e+09 -9.70685390e+01 
 4.74500000e+09 -9.70915042e+01 
 4.75000000e+09 -1.04405973e+02 
 4.75500000e+09 -1.16999912e+02 
 4.76000000e+09 -1.07972595e+02 
 4.76500000e+09 -1.06727425e+02 
 4.77000000e+09 -1.10373748e+02 
 4.77500000e+09 -1.11543960e+02 
 4.78000000e+09 -1.12949912e+02 
 4.78500000e+09 -1.10557067e+02 
 4.79000000e+09 -1.13203906e+02 
 4.79500000e+09 -1.12142811e+02 
 4.80000000e+09 -1.12570211e+02 
 4.80500000e+09 -1.17280139e+02 
 4.81000000e+09 -9.67484265e+01 
 4.81500000e+09 -9.33935751e+01 
 4.82000000e+09 -9.92175710e+01 
 4.82500000e+09 -1.10688176e+02 
 4.83000000e+09 -1.09998309e+02 
 4.83500000e+09 -1.08828848e+02 
 4.84000000e+09 -1.13197477e+02 
 4.84500000e+09 -1.23731007e+02 
 4.85000000e+09 -1.17283055e+02 
 4.85500000e+09 -1.15629696e+02 
 4.86000000e+09 -1.21223878e+02 
 4.86500000e+09 -1.18678351e+02 
 4.87000000e+09 -1.12544811e+02 
 4.87500000e+09 -1.10116442e+02 
 4.88000000e+09 -9.84089522e+01 
 4.88500000e+09 -9.65788476e+01 
 4.89000000e+09 -1.03438393e+02 
 4.89500000e+09 -1.10969296e+02 
 4.90000000e+09 -1.11068298e+02 
 4.90500000e+09 -1.20035944e+02 
 4.91000000e+09 -1.19930509e+02 
 4.91500000e+09 -1.19679928e+02 
 4.92000000e+09 -1.22190577e+02 
 4.92500000e+09 -1.18207322e+02 
 4.93000000e+09 -1.17244955e+02 
 4.93500000e+09 -1.23981939e+02 
 4.94000000e+09 -1.13584621e+02 
 4.94500000e+09 -1.08008983e+02 
 4.95000000e+09 -1.00968311e+02 
 4.95500000e+09 -9.74953905e+01 
 4.96000000e+09 -1.01249211e+02 
 4.96500000e+09 -1.09210813e+02 
 4.97000000e+09 -1.07710296e+02 
 4.97500000e+09 -1.05447674e+02 
 4.98000000e+09 -1.07668627e+02 
 4.98500000e+09 -1.11107433e+02 
 4.99000000e+09 -1.12980814e+02 
 4.99500000e+09 -1.09353292e+02 
 5.00000000e+09 -1.11940782e+02 
 5.00500000e+09 -1.17456113e+02 
 5.01000000e+09 -1.09422833e+02 
 5.01500000e+09 -1.07882602e+02 
 5.02000000e+09 -9.86772478e+01 
 5.02500000e+09 -9.91046457e+01 
 5.03000000e+09 -1.09481620e+02 
 5.03500000e+09 -1.16714668e+02 
 5.04000000e+09 -1.15178903e+02 
 5.04500000e+09 -1.17374650e+02 
 5.05000000e+09 -1.28019661e+02 
 5.05500000e+09 -1.26958513e+02 
 5.06000000e+09 -1.20605628e+02 
 5.06500000e+09 -1.26835423e+02 
 5.07000000e+09 -1.23818138e+02 
 5.07500000e+09 -1.17620455e+02 
 5.08000000e+09 -1.20485998e+02 
 5.08500000e+09 -1.11581804e+02 
 5.09000000e+09 -1.03034394e+02 
 5.09500000e+09 -1.02218321e+02 
 5.10000000e+09 -1.09108073e+02 
 5.10500000e+09 -1.29779998e+02 
 5.11000000e+09 -1.13471270e+02 
 5.11500000e+09 -1.11209511e+02 
 5.12000000e+09 -1.14283126e+02 
 5.12500000e+09 -1.14826318e+02 
 5.13000000e+09 -1.25776508e+02 
 5.13500000e+09 -1.16413966e+02 
 5.14000000e+09 -1.14549868e+02 
 5.14500000e+09 -1.23776646e+02 
 5.15000000e+09 -1.17176099e+02 
 5.15500000e+09 -1.15011407e+02 
 5.16000000e+09 -1.01178171e+02 
 5.16500000e+09 -1.00364672e+02 
 5.17000000e+09 -1.10011499e+02 
 5.17500000e+09 -1.10692620e+02 
 5.18000000e+09 -1.19794143e+02 
 5.18500000e+09 -1.13747252e+02 
 5.19000000e+09 -1.11752843e+02 
 5.19500000e+09 -1.15793743e+02 
 5.20000000e+09 -1.17472937e+02 
 5.20500000e+09 -1.12418391e+02 
 5.21000000e+09 -1.15204756e+02 
 5.21500000e+09 -1.20983074e+02 
 5.22000000e+09 -1.12111217e+02 
 5.22500000e+09 -1.11006816e+02 
 5.23000000e+09 -1.10288218e+02 
 5.23500000e+09 -1.06587981e+02 
 5.24000000e+09 -1.10006703e+02 
 5.24500000e+09 -1.21979409e+02 
 5.25000000e+09 -1.12729229e+02 
 5.25500000e+09 -1.10595157e+02 
 5.26000000e+09 -1.16157460e+02 
 5.26500000e+09 -1.24415168e+02 
 5.27000000e+09 -1.19134313e+02 
 5.27500000e+09 -1.20388335e+02 
 5.28000000e+09 -1.29201586e+02 
 5.28500000e+09 -1.20951599e+02 
 5.29000000e+09 -1.19743639e+02 
 5.29500000e+09 -1.10543293e+02 
 5.30000000e+09 -1.02939885e+02 
 5.30500000e+09 -1.03245644e+02 
 5.31000000e+09 -1.12292616e+02 
 5.31500000e+09 -1.13216600e+02 
 5.32000000e+09 -1.18757738e+02 
 5.32500000e+09 -1.23434789e+02 
 5.33000000e+09 -1.16322886e+02 
 5.33500000e+09 -1.14587641e+02 
 5.34000000e+09 -1.26752594e+02 
 5.34500000e+09 -1.17214091e+02 
 5.35000000e+09 -1.13553806e+02 
 5.35500000e+09 -1.22265978e+02 
 5.36000000e+09 -1.15892764e+02 
 5.36500000e+09 -1.08812817e+02 
 5.37000000e+09 -1.08143256e+02 
 5.37500000e+09 -1.10601052e+02 
 5.38000000e+09 -1.10187619e+02 
 5.38500000e+09 -1.11796399e+02 
 5.39000000e+09 -1.30261343e+02 
 5.39500000e+09 -1.12747826e+02 
 5.40000000e+09 -1.12677000e+02 
 5.40500000e+09 -1.17573603e+02 
 5.41000000e+09 -1.17076449e+02 
 5.41500000e+09 -1.14260799e+02 
 5.42000000e+09 -1.16909214e+02 
 5.42500000e+09 -1.27071375e+02 
 5.43000000e+09 -1.18890998e+02 
 5.43500000e+09 -1.09832802e+02 
 5.44000000e+09 -1.00659499e+02 
 5.44500000e+09 -1.01935941e+02 
 5.45000000e+09 -1.13440404e+02 
 5.45500000e+09 -1.13730546e+02 
 5.46000000e+09 -1.18009179e+02 
 5.46500000e+09 -1.20334335e+02 
 5.47000000e+09 -1.23455384e+02 
 5.47500000e+09 -1.28161481e+02 
 5.48000000e+09 -1.25046321e+02 
 5.48500000e+09 -1.23561515e+02 
 5.49000000e+09 -1.23222493e+02 
 5.49500000e+09 -1.23506831e+02 
 5.50000000e+09 -1.20273333e+02 
 5.50500000e+09 -1.11149145e+02 
 5.51000000e+09 -1.05998171e+02 
 5.51500000e+09 -1.07352531e+02 
 5.52000000e+09 -1.14299767e+02 
 5.52500000e+09 -1.19179760e+02 
 5.53000000e+09 -1.17900320e+02 
 5.53500000e+09 -1.17712701e+02 
 5.54000000e+09 -1.17340886e+02 
 5.54500000e+09 -1.19415304e+02 
 5.55000000e+09 -1.30096989e+02 
 5.55500000e+09 -1.18230264e+02 
 5.56000000e+09 -1.17291120e+02 
 5.56500000e+09 -1.21183777e+02 
 5.57000000e+09 -1.24658053e+02 
 5.57500000e+09 -1.09765652e+02 
 5.58000000e+09 -1.01228251e+02 
 5.58500000e+09 -1.01116953e+02 
 5.59000000e+09 -1.08530299e+02 
 5.59500000e+09 -1.08007043e+02 
 5.60000000e+09 -1.14872450e+02 
 5.60500000e+09 -1.18785698e+02 
 5.61000000e+09 -1.15558440e+02 
 5.61500000e+09 -1.19164182e+02 
 5.62000000e+09 -1.22962023e+02 
 5.62500000e+09 -1.19132414e+02 
 5.63000000e+09 -1.16610404e+02 
 5.63500000e+09 -1.33683533e+02 
 5.64000000e+09 -1.18679162e+02 
 5.64500000e+09 -1.08296339e+02 
 5.65000000e+09 -1.04792873e+02 
 5.65500000e+09 -1.08210818e+02 
 5.66000000e+09 -1.15500462e+02 
 5.66500000e+09 -1.25565315e+02 
 5.67000000e+09 -1.15731893e+02 
 5.67500000e+09 -1.14160698e+02 
 5.68000000e+09 -1.16511477e+02 
 5.68500000e+09 -1.30063373e+02 
 5.69000000e+09 -1.18881728e+02 
 5.69500000e+09 -1.17432390e+02 
 5.70000000e+09 -1.23022079e+02 
 5.70500000e+09 -1.28096511e+02 
 5.71000000e+09 -1.30530140e+02 
 5.71500000e+09 -1.08983610e+02 
 5.72000000e+09 -1.02112954e+02 
 5.72500000e+09 -1.03751694e+02 
 5.73000000e+09 -1.11376591e+02 
 5.73500000e+09 -1.09726120e+02 
 5.74000000e+09 -1.15593503e+02 
 5.74500000e+09 -1.23126395e+02 
 5.75000000e+09 -1.15420261e+02 
 5.75500000e+09 -1.16680337e+02 
 5.76000000e+09 -1.38994907e+02 
 5.76500000e+09 -1.20552961e+02 
 5.77000000e+09 -1.16410483e+02 
 5.77500000e+09 -1.18611782e+02 
 5.78000000e+09 -1.32397991e+02 
 5.78500000e+09 -1.10380052e+02 
 5.79000000e+09 -1.03459654e+02 
 5.79500000e+09 -1.05936822e+02 
 5.80000000e+09 -1.20389863e+02 
 5.80500000e+09 -1.12868926e+02 
 5.81000000e+09 -1.12771864e+02 
 5.81500000e+09 -1.22650543e+02 
 5.82000000e+09 -1.34889776e+02 
 5.82500000e+09 -1.39742145e+02 
 5.83000000e+09 -1.31737309e+02 
 5.83500000e+09 -1.23067706e+02 
 5.84000000e+09 -1.21232023e+02 
 5.84500000e+09 -1.33251925e+02 
 5.85000000e+09 -1.27002468e+02 
 5.85500000e+09 -1.15142138e+02 
 5.86000000e+09 -1.06368750e+02 
 5.86500000e+09 -1.07492605e+02 
 5.87000000e+09 -1.12096602e+02 
 5.87500000e+09 -1.11740608e+02 
 5.88000000e+09 -1.26966644e+02 
 5.88500000e+09 -1.16376541e+02 
 5.89000000e+09 -1.15549734e+02 
 5.89500000e+09 -1.23512000e+02 
 5.90000000e+09 -1.21833482e+02 
 5.90500000e+09 -1.19272100e+02 
 5.91000000e+09 -1.19063008e+02 
 5.91500000e+09 -1.24651385e+02 
 5.92000000e+09 -1.22710160e+02 
 5.92500000e+09 -1.09249213e+02 
 5.93000000e+09 -1.04661195e+02 
 5.93500000e+09 -1.07751347e+02 
 5.94000000e+09 -1.19680101e+02 
 5.94500000e+09 -1.11819023e+02 
 5.95000000e+09 -1.11469975e+02 
 5.95500000e+09 -1.20079103e+02 
 5.96000000e+09 -1.18646045e+02 
 5.96500000e+09 -1.18468509e+02 
 5.97000000e+09 -1.25440262e+02 
 5.97500000e+09 -1.26777281e+02 
 5.98000000e+09 -1.23442818e+02 
 5.98500000e+09 -1.18368013e+02 
 5.99000000e+09 -1.23156259e+02 
 5.99500000e+09 -1.16085183e+02 
 6.00000000e+09 -1.13609482e+02 
 6.00500000e+09 -1.16851501e+02 
 6.01000000e+09 -1.19635965e+02 
 6.01500000e+09 -1.13313716e+02 
 6.02000000e+09 -1.17854000e+02 
 6.02500000e+09 -1.22249890e+02 
 6.03000000e+09 -1.19055262e+02 
 6.03500000e+09 -1.21689213e+02 
 6.04000000e+09 -1.32586297e+02 
 6.04500000e+09 -1.20380164e+02 
 6.05000000e+09 -1.17835015e+02 
 6.05500000e+09 -1.26284909e+02 
 6.06000000e+09 -1.30032818e+02 
 6.06500000e+09 -1.11287315e+02 
 6.07000000e+09 -1.06094926e+02 
 6.07500000e+09 -1.10493962e+02 
 6.08000000e+09 -1.17509462e+02 
 6.08500000e+09 -1.12504110e+02 
 6.09000000e+09 -1.16660088e+02 
 6.09500000e+09 -1.38142891e+02 
 6.10000000e+09 -1.21881228e+02 
 6.10500000e+09 -1.21436516e+02 
 6.11000000e+09 -1.26708558e+02 
 6.11500000e+09 -1.34294796e+02 
 6.12000000e+09 -1.25942992e+02 
 6.12500000e+09 -1.20402947e+02 
 6.13000000e+09 -1.21276013e+02 
 6.13500000e+09 -1.10268962e+02 
 6.14000000e+09 -1.08054818e+02 
 6.14500000e+09 -1.13787576e+02 
 6.15000000e+09 -1.23902129e+02 
 6.15500000e+09 -1.13983915e+02 
 6.16000000e+09 -1.14400794e+02 
 6.16500000e+09 -1.21188487e+02 
 6.17000000e+09 -1.25734559e+02 
 6.17500000e+09 -1.34434267e+02 
 6.18000000e+09 -1.26069020e+02 
 6.18500000e+09 -1.24967545e+02 
 6.19000000e+09 -1.30283311e+02 
 6.19500000e+09 -1.21782794e+02 
 6.20000000e+09 -1.18833486e+02 
 6.20500000e+09 -1.11272534e+02 
 6.21000000e+09 -1.08730857e+02 
 6.21500000e+09 -1.13296277e+02 
 6.22000000e+09 -1.21605093e+02 
 6.22500000e+09 -1.13899199e+02 
 6.23000000e+09 -1.17226117e+02 
 6.23500000e+09 -1.36307208e+02 
 6.24000000e+09 -1.19834767e+02 
 6.24500000e+09 -1.20000315e+02 
 6.25000000e+09 -1.37464870e+02 
 6.25500000e+09 -1.28459505e+02 
 6.26000000e+09 -1.20239332e+02 
 6.26500000e+09 -1.20650456e+02 
 6.27000000e+09 -1.20442011e+02 
 6.27500000e+09 -1.09307292e+02 
 6.28000000e+09 -1.05881141e+02 
 6.28500000e+09 -1.10288514e+02 
 6.29000000e+09 -1.15816616e+02 
 6.29500000e+09 -1.12239100e+02 
 6.30000000e+09 -1.18295802e+02 
 6.30500000e+09 -1.37503172e+02 
 6.31000000e+09 -1.34132269e+02 
 6.31500000e+09 -1.29184598e+02 
 6.32000000e+09 -1.35023188e+02 
 6.32500000e+09 -1.26649478e+02 
 6.33000000e+09 -1.30865472e+02 
 6.33500000e+09 -1.23583134e+02 
 6.34000000e+09 -1.15541543e+02 
 6.34500000e+09 -1.06901117e+02 
 6.35000000e+09 -1.05731075e+02 
 6.35500000e+09 -1.11645380e+02 
 6.36000000e+09 -1.24859777e+02 
 6.36500000e+09 -1.15207429e+02 
 6.37000000e+09 -1.17043758e+02 
 6.37500000e+09 -1.24905893e+02 
 6.38000000e+09 -1.38714093e+02 
 6.38500000e+09 -1.22820599e+02 
 6.39000000e+09 -1.23082843e+02 
 6.39500000e+09 -1.29417549e+02 
 6.40000000e+09 -1.28526718e+02 
 6.40500000e+09 -1.20958521e+02 
 6.41000000e+09 -1.20167011e+02 
 6.41500000e+09 -1.09530676e+02 
 6.42000000e+09 -1.08082096e+02 
 6.42500000e+09 -1.14279247e+02 
 6.43000000e+09 -1.17510220e+02 
 6.43500000e+09 -1.14165188e+02 
 6.44000000e+09 -1.19734372e+02 
 6.44500000e+09 -1.34952312e+02 
 6.45000000e+09 -1.26463273e+02 
 6.45500000e+09 -1.31545783e+02 
 6.46000000e+09 -1.38290292e+02 
 6.46500000e+09 -1.49648730e+02 
 6.47000000e+09 -1.24388670e+02 
 6.47500000e+09 -1.22772528e+02 
 6.48000000e+09 -1.14213122e+02 
 6.48500000e+09 -1.05074265e+02 
 6.49000000e+09 -1.03157951e+02 
 6.49500000e+09 -1.08940296e+02 
 6.50000000e+09 -1.15869657e+02 
 6.50500000e+09 -1.12789492e+02 
 6.51000000e+09 -1.18886803e+02 
 6.51500000e+09 -1.26685009e+02 
 6.52000000e+09 -1.40354859e+02 
 6.52500000e+09 -1.26246538e+02 
 6.53000000e+09 -1.25858563e+02 
 6.53500000e+09 -1.29489581e+02 
 6.54000000e+09 -1.29118248e+02 
 6.54500000e+09 -1.25032718e+02 
 6.55000000e+09 -1.25725399e+02 
 6.55500000e+09 -1.15551429e+02 
 6.56000000e+09 -1.14491985e+02 
 6.56500000e+09 -1.24226828e+02 
 6.57000000e+09 -1.20385155e+02 
 6.57500000e+09 -1.21514409e+02 
 6.58000000e+09 -1.23239873e+02 
 6.58500000e+09 -1.25786413e+02 
 6.59000000e+09 -1.35477503e+02 
 6.59500000e+09 -1.28902020e+02 
 6.60000000e+09 -1.27490259e+02 
 6.60500000e+09 -1.28279193e+02 
 6.61000000e+09 -1.29514271e+02 
 6.61500000e+09 -1.23358330e+02 
 6.62000000e+09 -1.13009285e+02 
 6.62500000e+09 -1.04519826e+02 
 6.63000000e+09 -1.03583052e+02 
 6.63500000e+09 -1.10162310e+02 
 6.64000000e+09 -1.14545730e+02 
 6.64500000e+09 -1.12784851e+02 
 6.65000000e+09 -1.19857528e+02 
 6.65500000e+09 -1.22182816e+02 
 6.66000000e+09 -1.24719318e+02 
 6.66500000e+09 -1.23663040e+02 
 6.67000000e+09 -1.22206993e+02 
 6.67500000e+09 -1.27570826e+02 
 6.68000000e+09 -1.25603797e+02 
 6.68500000e+09 -1.20707401e+02 
 6.69000000e+09 -1.19847270e+02 
 6.69500000e+09 -1.19362399e+02 
 6.70000000e+09 -1.17651904e+02 
 6.70500000e+09 -1.20619774e+02 
 6.71000000e+09 -1.37282281e+02 
 6.71500000e+09 -1.21916205e+02 
 6.72000000e+09 -1.22150874e+02 
 6.72500000e+09 -1.26599366e+02 
 6.73000000e+09 -1.33196206e+02 
 6.73500000e+09 -1.25909984e+02 
 6.74000000e+09 -1.26026616e+02 
 6.74500000e+09 -1.26860402e+02 
 6.75000000e+09 -1.26953922e+02 
 6.75500000e+09 -1.25460739e+02 
 6.76000000e+09 -1.14831626e+02 
 6.76500000e+09 -1.06175950e+02 
 6.77000000e+09 -1.05737120e+02 
 6.77500000e+09 -1.13978696e+02 
 6.78000000e+09 -1.15238251e+02 
 6.78500000e+09 -1.16051141e+02 
 6.79000000e+09 -1.30058176e+02 
 6.79500000e+09 -1.25583226e+02 
 6.80000000e+09 -1.24717256e+02 
 6.80500000e+09 -1.27051091e+02 
 6.81000000e+09 -1.29849485e+02 
 6.81500000e+09 -1.30876859e+02 
 6.82000000e+09 -1.25483128e+02 
 6.82500000e+09 -1.22048900e+02 
 6.83000000e+09 -1.16650071e+02 
 6.83500000e+09 -1.12442617e+02 
 6.84000000e+09 -1.11771670e+02 
 6.84500000e+09 -1.16122395e+02 
 6.85000000e+09 -1.22025913e+02 
 6.85500000e+09 -1.19624128e+02 
 6.86000000e+09 -1.20127152e+02 
 6.86500000e+09 -1.20742902e+02 
 6.87000000e+09 -1.28585812e+02 
 6.87500000e+09 -1.22367317e+02 
 6.88000000e+09 -1.19909346e+02 
 6.88500000e+09 -1.22860071e+02 
 6.89000000e+09 -1.30574510e+02 
 6.89500000e+09 -1.19955423e+02 
 6.90000000e+09 -1.14270920e+02 
 6.90500000e+09 -1.09442947e+02 
 6.91000000e+09 -1.10875919e+02 
 6.91500000e+09 -1.21939049e+02 
 6.92000000e+09 -1.20426926e+02 
 6.92500000e+09 -1.19702742e+02 
 6.93000000e+09 -1.29769464e+02 
 6.93500000e+09 -1.29658260e+02 
 6.94000000e+09 -1.22381256e+02 
 6.94500000e+09 -1.23924982e+02 
 6.95000000e+09 -1.35228085e+02 
 6.95500000e+09 -1.31293345e+02 
 6.96000000e+09 -1.21970313e+02 
 6.96500000e+09 -1.22942586e+02 
 6.97000000e+09 -1.18412197e+02 
 6.97500000e+09 -1.12249947e+02 
 6.98000000e+09 -1.11480809e+02 
 6.98500000e+09 -1.17463917e+02 
 6.99000000e+09 -1.21426757e+02 
 6.99500000e+09 -1.22739716e+02 
 7.00000000e+09 -1.24038813e+02 
 7.00500000e+09 -1.23496562e+02 
 7.01000000e+09 -1.26772318e+02 
 7.01500000e+09 -1.24958121e+02 
 7.02000000e+09 -1.21621679e+02 
 7.02500000e+09 -1.23094649e+02 
 7.03000000e+09 -1.27294354e+02 
 7.03500000e+09 -1.18920634e+02 
 7.04000000e+09 -1.12976433e+02 
 7.04500000e+09 -1.10166220e+02 
 7.05000000e+09 -1.13117423e+02 
 7.05500000e+09 -1.21344132e+02 
 7.06000000e+09 -1.46535275e+02 
 7.06500000e+09 -1.24636415e+02 
 7.07000000e+09 -1.22437394e+02 
 7.07500000e+09 -1.25375778e+02 
 7.08000000e+09 -1.32711661e+02 
 7.08500000e+09 -1.22720224e+02 
 7.09000000e+09 -1.23418861e+02 
 7.09500000e+09 -1.23423178e+02 
 7.10000000e+09 -1.27341225e+02 
 7.10500000e+09 -1.25715181e+02 
 7.11000000e+09 -1.21328861e+02 
 7.11500000e+09 -1.17381948e+02 
 7.12000000e+09 -1.18352471e+02 
 7.12500000e+09 -1.24210297e+02 
 7.13000000e+09 -1.26240052e+02 
 7.13500000e+09 -1.26232380e+02 
 7.14000000e+09 -1.26769491e+02 
 7.14500000e+09 -1.24989455e+02 
 7.15000000e+09 -1.22460657e+02 
 7.15500000e+09 -1.24398745e+02 
 7.16000000e+09 -1.23951189e+02 
 7.16500000e+09 -1.26760889e+02 
 7.17000000e+09 -1.21043567e+02 
 7.17500000e+09 -1.18109847e+02 
 7.18000000e+09 -1.12311396e+02 
 7.18500000e+09 -1.09364209e+02 
 7.19000000e+09 -1.11279797e+02 
 7.19500000e+09 -1.19103306e+02 
 7.20000000e+09 -1.36538614e+02 
 7.20500000e+09 -1.23567612e+02 
 7.21000000e+09 -1.21637000e+02 
 7.21500000e+09 -1.23774886e+02 
 7.22000000e+09 -1.40871584e+02 
 7.22500000e+09 -1.24970668e+02 
 7.23000000e+09 -1.21651601e+02 
 7.23500000e+09 -1.22009384e+02 
 7.24000000e+09 -1.32454265e+02 
 7.24500000e+09 -1.24564443e+02 
 7.25000000e+09 -1.22335044e+02 
 7.25500000e+09 -1.24672295e+02 
 7.26000000e+09 -1.30065564e+02 
 7.26500000e+09 -1.28404340e+02 
 7.27000000e+09 -1.30489011e+02 
 7.27500000e+09 -1.41254667e+02 
 7.28000000e+09 -1.33920257e+02 
 7.28500000e+09 -1.33117513e+02 
 7.29000000e+09 -1.26450347e+02 
 7.29500000e+09 -1.24856991e+02 
 7.30000000e+09 -1.26524227e+02 
 7.30500000e+09 -1.22634247e+02 
 7.31000000e+09 -1.21494637e+02 
 7.31500000e+09 -1.19729224e+02 
 7.32000000e+09 -1.12253427e+02 
 7.32500000e+09 -1.09411707e+02 
 7.33000000e+09 -1.12412650e+02 
 7.33500000e+09 -1.21474513e+02 
 7.34000000e+09 -1.33870958e+02 
 7.34500000e+09 -1.21363068e+02 
 7.35000000e+09 -1.21383796e+02 
 7.35500000e+09 -1.23568549e+02 
 7.36000000e+09 -1.29926918e+02 
 7.36500000e+09 -1.25928735e+02 
 7.37000000e+09 -1.21960860e+02 
 7.37500000e+09 -1.24934270e+02 
 7.38000000e+09 -1.26433754e+02 
 7.38500000e+09 -1.20937914e+02 
 7.39000000e+09 -1.17842858e+02 
 7.39500000e+09 -1.17151778e+02 
 7.40000000e+09 -1.18275433e+02 
 7.40500000e+09 -1.22190135e+02 
 7.41000000e+09 -1.26734188e+02 
 7.41500000e+09 -1.35205131e+02 
 7.42000000e+09 -1.25608403e+02 
 7.42500000e+09 -1.25234459e+02 
 7.43000000e+09 -1.29303609e+02 
 7.43500000e+09 -1.26040075e+02 
 7.44000000e+09 -1.24651625e+02 
 7.44500000e+09 -1.20794524e+02 
 7.45000000e+09 -1.22493790e+02 
 7.45500000e+09 -1.25249925e+02 
 7.46000000e+09 -1.14885432e+02 
 7.46500000e+09 -1.11004961e+02 
 7.47000000e+09 -1.14840370e+02 
 7.47500000e+09 -1.30358072e+02 
 7.48000000e+09 -1.22008936e+02 
 7.48500000e+09 -1.21003242e+02 
 7.49000000e+09 -1.27865488e+02 
 7.49500000e+09 -1.30631848e+02 
 7.50000000e+09 -1.30960006e+02 
 7.50500000e+09 -1.32274322e+02 
 7.51000000e+09 -1.26025230e+02 
 7.51500000e+09 -1.23817534e+02 
 7.52000000e+09 -1.23017201e+02 
 7.52500000e+09 -1.20464532e+02 
 7.53000000e+09 -1.15190778e+02 
 7.53500000e+09 -1.13864550e+02 
 7.54000000e+09 -1.16778879e+02 
 7.54500000e+09 -1.22382799e+02 
 7.55000000e+09 -1.31180801e+02 
 7.55500000e+09 -1.25431704e+02 
 7.56000000e+09 -1.22503116e+02 
 7.56500000e+09 -1.23657999e+02 
 7.57000000e+09 -1.34357629e+02 
 7.57500000e+09 -1.25377884e+02 
 7.58000000e+09 -1.22782499e+02 
 7.58500000e+09 -1.22982907e+02 
 7.59000000e+09 -1.25916812e+02 
 7.59500000e+09 -1.28679311e+02 
 7.60000000e+09 -1.18976464e+02 
 7.60500000e+09 -1.15205861e+02 
 7.61000000e+09 -1.20139290e+02 
 7.61500000e+09 -1.25895887e+02 
 7.62000000e+09 -1.19579320e+02 
 7.62500000e+09 -1.22333826e+02 
 7.63000000e+09 -1.43300018e+02 
 7.63500000e+09 -1.27956594e+02 
 7.64000000e+09 -1.26510907e+02 
 7.64500000e+09 -1.35208624e+02 
 7.65000000e+09 -1.31955881e+02 
 7.65500000e+09 -1.21807665e+02 
 7.66000000e+09 -1.21582182e+02 
 7.66500000e+09 -1.22703520e+02 
 7.67000000e+09 -1.15499604e+02 
 7.67500000e+09 -1.12910960e+02 
 7.68000000e+09 -1.17074041e+02 
 7.68500000e+09 -1.32691899e+02 
 7.69000000e+09 -1.24806143e+02 
 7.69500000e+09 -1.22008372e+02 
 7.70000000e+09 -1.25279050e+02 
 7.70500000e+09 -1.28632567e+02 
 7.71000000e+09 -1.36074574e+02 
 7.71500000e+09 -1.28150955e+02 
 7.72000000e+09 -1.25232758e+02 
 7.72500000e+09 -1.25906441e+02 
 7.73000000e+09 -1.25334410e+02 
 7.73500000e+09 -1.26751962e+02 
 7.74000000e+09 -1.25118586e+02 
 7.74500000e+09 -1.23752035e+02 
 7.75000000e+09 -1.30931190e+02 
 7.75500000e+09 -1.23280634e+02 
 7.76000000e+09 -1.20793696e+02 
 7.76500000e+09 -1.25992555e+02 
 7.77000000e+09 -1.29208896e+02 
 7.77500000e+09 -1.25751773e+02 
 7.78000000e+09 -1.26221115e+02 
 7.78500000e+09 -1.29380841e+02 
 7.79000000e+09 -1.27792513e+02 
 7.79500000e+09 -1.23284921e+02 
 7.80000000e+09 -1.24393780e+02 
 7.80500000e+09 -1.25791546e+02 
 7.81000000e+09 -1.17057496e+02 
 7.81500000e+09 -1.15052984e+02 
 7.82000000e+09 -1.20229606e+02 
 7.82500000e+09 -1.31400291e+02 
 7.83000000e+09 -1.21055946e+02 
 7.83500000e+09 -1.22141024e+02 
 7.84000000e+09 -1.29226482e+02 
 7.84500000e+09 -1.35909876e+02 
 7.85000000e+09 -1.28583256e+02 
 7.85500000e+09 -1.28490320e+02 
 7.86000000e+09 -1.32241131e+02 
 7.86500000e+09 -1.25535791e+02 
 7.87000000e+09 -1.22537515e+02 
 7.87500000e+09 -1.24230573e+02 
 7.88000000e+09 -1.23729965e+02 
 7.88500000e+09 -1.24497350e+02 
 7.89000000e+09 -1.27342073e+02 
 7.89500000e+09 -1.29122323e+02 
 7.90000000e+09 -1.23677736e+02 
 7.90500000e+09 -1.24342776e+02 
 7.91000000e+09 -1.28093919e+02 
 7.91500000e+09 -1.26645925e+02 
 7.92000000e+09 -1.25835168e+02 
 7.92500000e+09 -1.27762097e+02 
 7.93000000e+09 -1.27851253e+02 
 7.93500000e+09 -1.27176997e+02 
 7.94000000e+09 -1.27681780e+02 
 7.94500000e+09 -1.30448513e+02 
 7.95000000e+09 -1.20970698e+02 
 7.95500000e+09 -1.19519029e+02 
 7.96000000e+09 -1.27497294e+02 
 7.96500000e+09 -1.24830973e+02 
 7.97000000e+09 -1.21144525e+02 
 7.97500000e+09 -1.25428031e+02 
 7.98000000e+09 -1.42484824e+02 
 7.98500000e+09 -1.30521431e+02 
 7.99000000e+09 -1.26115993e+02 
 7.99500000e+09 -1.32504271e+02 
 8.00000000e+09 -1.38689320e+02 
 8.00500000e+09 -1.27040674e+02 
 8.01000000e+09 -1.24558275e+02 
 8.01500000e+09 -1.23385965e+02 
 8.02000000e+09 -1.19875228e+02 
 8.02500000e+09 -1.20072480e+02 
 8.03000000e+09 -1.23673312e+02 
 8.03500000e+09 -1.59819147e+02 
 8.04000000e+09 -1.24642035e+02 
 8.04500000e+09 -1.23854212e+02 
 8.05000000e+09 -1.27854110e+02 
 8.05500000e+09 -1.38632072e+02 
 8.06000000e+09 -1.26083216e+02 
 8.06500000e+09 -1.25667490e+02 
 8.07000000e+09 -1.31232114e+02 
 8.07500000e+09 -1.30848710e+02 
 8.08000000e+09 -1.24781133e+02 
 8.08500000e+09 -1.26108476e+02 
 8.09000000e+09 -1.25304782e+02 
 8.09500000e+09 -1.30541504e+02 
 8.10000000e+09 -1.33150917e+02 
 8.10500000e+09 -1.24848053e+02 
 8.11000000e+09 -1.22699566e+02 
 8.11500000e+09 -1.24397855e+02 
 8.12000000e+09 -1.29254021e+02 
 8.12500000e+09 -1.27738338e+02 
 8.13000000e+09 -1.25348174e+02 
 8.13500000e+09 -1.31011880e+02 
 8.14000000e+09 -1.39636436e+02 
 8.14500000e+09 -1.33490909e+02 
 8.15000000e+09 -1.32421213e+02 
 8.15500000e+09 -1.25953743e+02 
 8.16000000e+09 -1.18619260e+02 
 8.16500000e+09 -1.18064860e+02 
 8.17000000e+09 -1.24239011e+02 
 8.17500000e+09 -1.28491063e+02 
 8.18000000e+09 -1.24504994e+02 
 8.18500000e+09 -1.29574046e+02 
 8.19000000e+09 -1.37270814e+02 
 8.19500000e+09 -1.32796986e+02 
 8.20000000e+09 -1.26621023e+02 
 8.20500000e+09 -1.27897976e+02 
 8.21000000e+09 -1.31386392e+02 
 8.21500000e+09 -1.31710350e+02 
 8.22000000e+09 -1.24725446e+02 
 8.22500000e+09 -1.22559732e+02 
 8.23000000e+09 -1.22372544e+02 
 8.23500000e+09 -1.29614843e+02 
 8.24000000e+09 -1.26970256e+02 
 8.24500000e+09 -1.28099634e+02 
 8.25000000e+09 -1.25146202e+02 
 8.25500000e+09 -1.22875866e+02 
 8.26000000e+09 -1.26022224e+02 
 8.26500000e+09 -1.32384121e+02 
 8.27000000e+09 -1.25718374e+02 
 8.27500000e+09 -1.26797961e+02 
 8.28000000e+09 -1.32491646e+02 
 8.28500000e+09 -1.39146127e+02 
 8.29000000e+09 -1.35998823e+02 
 8.29500000e+09 -1.31792821e+02 
 8.30000000e+09 -1.19410711e+02 
 8.30500000e+09 -1.18586535e+02 
 8.31000000e+09 -1.24986509e+02 
 8.31500000e+09 -1.23984070e+02 
 8.32000000e+09 -1.25659007e+02 
 8.32500000e+09 -1.35747888e+02 
 8.33000000e+09 -1.32719698e+02 
 8.33500000e+09 -1.26858498e+02 
 8.34000000e+09 -1.26897477e+02 
 8.34500000e+09 -1.34005540e+02 
 8.35000000e+09 -1.32098600e+02 
 8.35500000e+09 -1.34022871e+02 
 8.36000000e+09 -1.27667512e+02 
 8.36500000e+09 -1.21892652e+02 
 8.37000000e+09 -1.18968760e+02 
 8.37500000e+09 -1.21307792e+02 
 8.38000000e+09 -1.27028784e+02 
 8.38500000e+09 -1.38316590e+02 
 8.39000000e+09 -1.25355547e+02 
 8.39500000e+09 -1.24640324e+02 
 8.40000000e+09 -1.28801687e+02 
 8.40500000e+09 -1.42038519e+02 
 8.41000000e+09 -1.26740695e+02 
 8.41500000e+09 -1.26789991e+02 
 8.42000000e+09 -1.30215872e+02 
 8.42500000e+09 -1.35280089e+02 
 8.43000000e+09 -1.30739374e+02 
 8.43500000e+09 -1.33724003e+02 
 8.44000000e+09 -1.22774438e+02 
 8.44500000e+09 -1.21984045e+02 
 8.45000000e+09 -1.25292790e+02 
 8.45500000e+09 -1.22834975e+02 
 8.46000000e+09 -1.27620042e+02 
 8.46500000e+09 -1.27312548e+02 
 8.47000000e+09 -1.26206385e+02 
 8.47500000e+09 -1.26710729e+02 
 8.48000000e+09 -1.28362755e+02 
 8.48500000e+09 -1.33630931e+02 
 8.49000000e+09 -1.29341641e+02 
 8.49500000e+09 -1.29840782e+02 
 8.50000000e+09 -1.32990875e+02 
 8.50500000e+09 -1.22925439e+02 
 8.51000000e+09 -1.17412820e+02 
 8.51500000e+09 -1.18601152e+02 
 8.52000000e+09 -1.27138590e+02 
 8.52500000e+09 -1.28921086e+02 
 8.53000000e+09 -1.25902210e+02 
 8.53500000e+09 -1.30270399e+02 
 8.54000000e+09 -1.36431337e+02 
 8.54500000e+09 -1.29325025e+02 
 8.55000000e+09 -1.27744735e+02 
 8.55500000e+09 -1.29211583e+02 
 8.56000000e+09 -1.31242336e+02 
 8.56500000e+09 -1.42486500e+02 
 8.57000000e+09 -1.29543492e+02 
 8.57500000e+09 -1.26160771e+02 
 8.58000000e+09 -1.24278862e+02 
 8.58500000e+09 -1.31692110e+02 
 8.59000000e+09 -1.29440869e+02 
 8.59500000e+09 -1.25338343e+02 
 8.60000000e+09 -1.27279802e+02 
 8.60500000e+09 -1.26313297e+02 
 8.61000000e+09 -1.26801030e+02 
 8.61500000e+09 -1.30385062e+02 
 8.62000000e+09 -1.30018289e+02 
 8.62500000e+09 -1.30968251e+02 
 8.63000000e+09 -1.28023305e+02 
 8.63500000e+09 -1.28113258e+02 
 8.64000000e+09 -1.37068483e+02 
 8.64500000e+09 -1.27039568e+02 
 8.65000000e+09 -1.18588240e+02 
 8.65500000e+09 -1.18999320e+02 
 8.66000000e+09 -1.25663462e+02 
 8.66500000e+09 -1.24065540e+02 
 8.67000000e+09 -1.28282655e+02 
 8.67500000e+09 -1.44020302e+02 
 8.68000000e+09 -1.30812717e+02 
 8.68500000e+09 -1.27036270e+02 
 8.69000000e+09 -1.30951095e+02 
 8.69500000e+09 -1.35885471e+02 
 8.70000000e+09 -1.31351153e+02 
 8.70500000e+09 -1.32049450e+02 
 8.71000000e+09 -1.29392071e+02 
 8.71500000e+09 -1.23241038e+02 
 8.72000000e+09 -1.20768301e+02 
 8.72500000e+09 -1.24923709e+02 
 8.73000000e+09 -1.36933579e+02 
 8.73500000e+09 -1.31574389e+02 
 8.74000000e+09 -1.27392778e+02 
 8.74500000e+09 -1.28333891e+02 
 8.75000000e+09 -1.32180938e+02 
 8.75500000e+09 -1.49657771e+02 
 8.76000000e+09 -1.31239010e+02 
 8.76500000e+09 -1.30588199e+02 
 8.77000000e+09 -1.29203007e+02 
 8.77500000e+09 -1.33772762e+02 
 8.78000000e+09 -1.48177203e+02 
 8.78500000e+09 -1.32289189e+02 
 8.79000000e+09 -1.22876886e+02 
 8.79500000e+09 -1.23929636e+02 
 8.80000000e+09 -1.27047147e+02 
 8.80500000e+09 -1.24081415e+02 
 8.81000000e+09 -1.29596019e+02 
 8.81500000e+09 -1.33227774e+02 
 8.82000000e+09 -1.28678826e+02 
 8.82500000e+09 -1.28117060e+02 
 8.83000000e+09 -1.34916980e+02 
 8.83500000e+09 -1.49369783e+02 
 8.84000000e+09 -1.30216230e+02 
 8.84500000e+09 -1.28305847e+02 
 8.85000000e+09 -1.30267234e+02 
 8.85500000e+09 -1.23649283e+02 
 8.86000000e+09 -1.19614267e+02 
 8.86500000e+09 -1.21788154e+02 
 8.87000000e+09 -1.32075283e+02 
 8.87500000e+09 -1.29400384e+02 
 8.88000000e+09 -1.29894659e+02 
 8.88500000e+09 -1.35721994e+02 
 8.89000000e+09 -1.37020551e+02 
 8.89500000e+09 -1.35008772e+02 
 8.90000000e+09 -1.35548627e+02 
 8.90500000e+09 -1.31912410e+02 
 8.91000000e+09 -1.32367758e+02 
 8.91500000e+09 -1.44850061e+02 
 8.92000000e+09 -1.33515797e+02 
 8.92500000e+09 -1.28352517e+02 
 8.93000000e+09 -1.26421229e+02 
 8.93500000e+09 -1.34312619e+02 
 8.94000000e+09 -1.32852160e+02 
 8.94500000e+09 -1.28126349e+02 
 8.95000000e+09 -1.29763591e+02 
 8.95500000e+09 -1.32359572e+02 
 8.96000000e+09 -1.33335990e+02 
 8.96500000e+09 -1.34313658e+02 
 8.97000000e+09 -1.35778349e+02 
 8.97500000e+09 -1.39418752e+02 
 8.98000000e+09 -1.30765786e+02 
 8.98500000e+09 -1.30934976e+02 
 8.99000000e+09 -1.33997838e+02 
 8.99500000e+09 -1.25649313e+02 
 9.00000000e+09 -1.21141993e+02 
 9.00500000e+09 -1.23238396e+02 
 9.01000000e+09 -1.29182759e+02 
 9.01500000e+09 -1.27248166e+02 
 9.02000000e+09 -1.32994885e+02 
 9.02500000e+09 -1.42489517e+02 
 9.03000000e+09 -1.34805670e+02 
 9.03500000e+09 -1.34448475e+02 
 9.04000000e+09 -1.44918036e+02 
 9.04500000e+09 -1.35634560e+02 
 9.05000000e+09 -1.35098141e+02 
 9.05500000e+09 -1.34284930e+02 
 9.06000000e+09 -1.30818483e+02 
 9.06500000e+09 -1.25331123e+02 
 9.07000000e+09 -1.24051474e+02 
 9.07500000e+09 -1.28699644e+02 
 9.08000000e+09 -1.50037727e+02 
 9.08500000e+09 -1.33790954e+02 
 9.09000000e+09 -1.31653259e+02 
 9.09500000e+09 -1.34051252e+02 
 9.10000000e+09 -1.37047979e+02 
 9.10500000e+09 -1.52811286e+02 
 9.11000000e+09 -1.37630459e+02 
 9.11500000e+09 -1.35231151e+02 
 9.12000000e+09 -1.32964415e+02 
 9.12500000e+09 -1.38860604e+02 
 9.13000000e+09 -1.45446351e+02 
 9.13500000e+09 -1.29814305e+02 
 9.14000000e+09 -1.25062560e+02 
 9.14500000e+09 -1.28719239e+02 
 9.15000000e+09 -1.30961943e+02 
 9.15500000e+09 -1.28991104e+02 
 9.16000000e+09 -1.33798633e+02 
 9.16500000e+09 -1.39975785e+02 
 9.17000000e+09 -1.41111072e+02 
 9.17500000e+09 -1.41158256e+02 
 9.18000000e+09 -1.52124299e+02 
 9.18500000e+09 -1.40203307e+02 
 9.19000000e+09 -1.34225298e+02 
 9.19500000e+09 -1.34139360e+02 
 9.20000000e+09 -1.31704927e+02 
 9.20500000e+09 -1.24957808e+02 
 9.21000000e+09 -1.22909088e+02 
 9.21500000e+09 -1.26728940e+02 
 9.22000000e+09 -1.36065244e+02 
 9.22500000e+09 -1.33566299e+02 
 9.23000000e+09 -1.36375513e+02 
 9.23500000e+09 -1.37383415e+02 
 9.24000000e+09 -1.37042296e+02 
 9.24500000e+09 -1.53741552e+02 
 9.25000000e+09 -1.38478678e+02 
 9.25500000e+09 -1.34791157e+02 
 9.26000000e+09 -1.37243845e+02 
 9.26500000e+09 -1.41173884e+02 
 9.27000000e+09 -1.36298172e+02 
 9.27500000e+09 -1.32058267e+02 
 9.28000000e+09 -1.31793007e+02 
 9.28500000e+09 -1.45547870e+02 
 9.29000000e+09 -1.36795386e+02 
 9.29500000e+09 -1.34264237e+02 
 9.30000000e+09 -1.34407166e+02 
 9.30500000e+09 -1.37200094e+02 
 9.31000000e+09 -1.38615244e+02 
 9.31500000e+09 -1.43884214e+02 
 9.32000000e+09 -1.45144570e+02 
 9.32500000e+09 -1.40752422e+02 
 9.33000000e+09 -1.34312743e+02 
 9.33500000e+09 -1.38775390e+02 
 9.34000000e+09 -1.37316601e+02 
 9.34500000e+09 -1.27090321e+02 
 9.35000000e+09 -1.24503623e+02 
 9.35500000e+09 -1.29238556e+02 
 9.36000000e+09 -1.34192411e+02 
 9.36500000e+09 -1.33612797e+02 
 9.37000000e+09 -1.42241449e+02 
 9.37500000e+09 -1.46779305e+02 
 9.38000000e+09 -1.46760654e+02 
 9.38500000e+09 -1.47522847e+02 
 9.39000000e+09 -1.40851213e+02 
 9.39500000e+09 -1.36977375e+02 
 9.40000000e+09 -1.37686011e+02 
 9.40500000e+09 -1.37527834e+02 
 9.41000000e+09 -1.34313561e+02 
 9.41500000e+09 -1.30593636e+02 
 9.42000000e+09 -1.31277237e+02 
 9.42500000e+09 -1.36599458e+02 
 9.43000000e+09 -1.46534354e+02 
 9.43500000e+09 -1.44905178e+02 
 9.44000000e+09 -1.37988329e+02 
 9.44500000e+09 -1.36646823e+02 
 9.45000000e+09 -1.35961829e+02 
 9.45500000e+09 -1.43760344e+02 
 9.46000000e+09 -1.40243015e+02 
 9.46500000e+09 -1.38258723e+02 
 9.47000000e+09 -1.37239557e+02 
 9.47500000e+09 -1.55622570e+02 
 9.48000000e+09 -1.43607416e+02 
 9.48500000e+09 -1.31012162e+02 
 9.49000000e+09 -1.29427968e+02 
 9.49500000e+09 -1.36553021e+02 
 9.50000000e+09 -1.35872986e+02 
 9.50500000e+09 -1.35970766e+02 
 9.51000000e+09 -1.40556448e+02 
 9.51500000e+09 -1.46281551e+02 
 9.52000000e+09 -1.40725057e+02 
 9.52500000e+09 -1.40112144e+02 
 9.53000000e+09 -1.46688702e+02 
 9.53500000e+09 -1.41783552e+02 
 9.54000000e+09 -1.36074802e+02 
 9.54500000e+09 -1.37423580e+02 
 9.55000000e+09 -1.37920483e+02 
 9.55500000e+09 -1.32055600e+02 
 9.56000000e+09 -1.30274445e+02 
 9.56500000e+09 -1.35194908e+02 
 9.57000000e+09 -1.42455165e+02 
 9.57500000e+09 -1.45113394e+02 
 9.58000000e+09 -1.53792442e+02 
 9.58500000e+09 -1.41740258e+02 
 9.59000000e+09 -1.40096939e+02 
 9.59500000e+09 -1.45598766e+02 
 9.60000000e+09 -1.40755537e+02 
 9.60500000e+09 -1.39043567e+02 
 9.61000000e+09 -1.42988559e+02 
 9.61500000e+09 -1.47301208e+02 
 9.62000000e+09 -1.38894769e+02 
 9.62500000e+09 -1.35032544e+02 
 9.63000000e+09 -1.38863361e+02 
 9.63500000e+09 -1.50793964e+02 
 9.64000000e+09 -1.41665013e+02 
 9.64500000e+09 -1.44098573e+02 
 9.65000000e+09 -1.42096330e+02 
 9.65500000e+09 -1.41292566e+02 
 9.66000000e+09 -1.37869502e+02 
 9.66500000e+09 -1.41065204e+02 
 9.67000000e+09 -1.54101106e+02 
 9.67500000e+09 -1.44142083e+02 
 9.68000000e+09 -1.37535320e+02 
 9.68500000e+09 -1.40883745e+02 
 9.69000000e+09 -1.48249522e+02 
 9.69500000e+09 -1.37649582e+02 
 9.70000000e+09 -1.34605862e+02 
 9.70500000e+09 -1.39203755e+02 
 9.71000000e+09 -1.41216842e+02 
 9.71500000e+09 -1.45637560e+02 
 9.72000000e+09 -1.49559586e+02 
 9.72500000e+09 -1.57624935e+02 
 9.73000000e+09 -1.47803023e+02 
 9.73500000e+09 -1.44841925e+02 
 9.74000000e+09 -1.44803083e+02 
 9.74500000e+09 -1.43573808e+02 
 9.75000000e+09 -1.45677988e+02 
 9.75500000e+09 -1.44338343e+02 
 9.76000000e+09 -1.41188206e+02 
 9.76500000e+09 -1.39813191e+02 
 9.77000000e+09 -1.43204944e+02 
 9.77500000e+09 -1.44325898e+02 
 9.78000000e+09 -1.43525569e+02 
 9.78500000e+09 -1.46194743e+02 
 9.79000000e+09 -1.49216752e+02 
 9.79500000e+09 -1.43614421e+02 
 9.80000000e+09 -1.41279156e+02 
 9.80500000e+09 -1.46404499e+02 
 9.81000000e+09 -1.50637154e+02 
 9.81500000e+09 -1.46336381e+02 
 9.82000000e+09 -1.42349118e+02 
 9.82500000e+09 -1.48571841e+02 
 9.83000000e+09 -1.54054440e+02 
 9.83500000e+09 -1.47148995e+02 
 9.84000000e+09 -1.45069319e+02 
 9.84500000e+09 -1.47598339e+02 
 9.85000000e+09 -1.48294511e+02 
 9.85500000e+09 -1.57696407e+02 
 9.86000000e+09 -1.52656325e+02 
 9.86500000e+09 -1.55125761e+02 
 9.87000000e+09 -1.47453219e+02 
 9.87500000e+09 -1.48452341e+02 
 9.88000000e+09 -1.52180764e+02 
 9.88500000e+09 -1.50229827e+02 
 9.89000000e+09 -1.47731273e+02 
 9.89500000e+09 -1.47181055e+02 
 9.90000000e+09 -1.47982402e+02 
 9.90500000e+09 -1.50288040e+02 
 9.91000000e+09 -1.51385216e+02 
 9.91500000e+09 -1.49182897e+02 
 9.92000000e+09 -1.46543427e+02 
 9.92500000e+09 -1.46076899e+02 
 9.93000000e+09 -1.49878685e+02 
 9.93500000e+09 -1.53664488e+02 
 9.94000000e+09 -1.52139537e+02 
 9.94500000e+09 -1.54406319e+02 
 9.95000000e+09 -1.58717092e+02 
 9.95500000e+09 -1.55788652e+02 
 9.96000000e+09 -1.53191469e+02 
 9.96500000e+09 -1.60551293e+02 
 9.97000000e+09 -1.64543044e+02 
 9.97500000e+09 -1.58114338e+02 
 9.98000000e+09 -1.53247215e+02 
 9.98500000e+09 -1.56576642e+02 
 9.99000000e+09 -1.54092954e+02 
 9.99500000e+09 -1.54157320e+02 
 1.00000000e+10 -1.64389170e+02 
 1.00050000e+10 -1.80346015e+02 
 1.00100000e+10 -1.62241458e+02 
 1.00150000e+10 -1.60537643e+02 
 1.00200000e+10 -1.63248152e+02 
