 0.00000000e+00 -3.76625080e+00 
 1.00000000e+07 -3.72465830e+00 
 2.00000000e+07 -5.31110234e+01 
 3.00000000e+07 -5.92986973e+01 
 4.00000000e+07 -6.25039280e+01 
 5.00000000e+07 -6.44579535e+01 
 6.00000000e+07 -6.57611374e+01 
 7.00000000e+07 -6.66441864e+01 
 8.00000000e+07 -6.73326320e+01 
 9.00000000e+07 -6.77865454e+01 
 1.00000000e+08 -6.81550190e+01 
 1.10000000e+08 -6.82559624e+01 
 1.20000000e+08 -7.00969549e+01 
 1.30000000e+08 -6.79223459e+01 
 1.40000000e+08 -6.93917027e+01 
 1.50000000e+08 -6.95623651e+01 
 1.60000000e+08 -6.98345499e+01 
 1.70000000e+08 -7.01433232e+01 
 1.80000000e+08 -7.04150135e+01 
 1.90000000e+08 -7.07124788e+01 
 2.00000000e+08 -7.11079510e+01 
 2.10000000e+08 -7.14328869e+01 
 2.20000000e+08 -7.18257833e+01 
 2.30000000e+08 -7.21937370e+01 
 2.40000000e+08 -7.25388012e+01 
 2.50000000e+08 -7.30551593e+01 
 2.60000000e+08 -7.32673444e+01 
 2.70000000e+08 -7.36186687e+01 
 2.80000000e+08 -7.39673174e+01 
 2.90000000e+08 -7.41533206e+01 
 3.00000000e+08 -7.43409899e+01 
 3.10000000e+08 -7.45068356e+01 
 3.20000000e+08 -7.44967568e+01 
 3.30000000e+08 -7.44716722e+01 
 3.40000000e+08 -7.44297103e+01 
 3.50000000e+08 -7.42960785e+01 
 3.60000000e+08 -7.41287005e+01 
 3.70000000e+08 -7.39978268e+01 
 3.80000000e+08 -7.37721903e+01 
 3.90000000e+08 -7.35610810e+01 
 4.00000000e+08 -7.34002444e+01 
 4.10000000e+08 -7.32404258e+01 
 4.20000000e+08 -7.30199537e+01 
 4.30000000e+08 -7.28901425e+01 
 4.40000000e+08 -7.26919761e+01 
 4.50000000e+08 -7.26787331e+01 
 4.60000000e+08 -7.23759210e+01 
 4.70000000e+08 -7.22230240e+01 
 4.80000000e+08 -7.19731048e+01 
 4.90000000e+08 -7.17097359e+01 
 5.00000000e+08 -7.13328555e+01 
 5.10000000e+08 -7.08960627e+01 
 5.20000000e+08 -7.03432567e+01 
 5.30000000e+08 -6.96219935e+01 
 5.40000000e+08 -6.88277916e+01 
 5.50000000e+08 -6.78769748e+01 
 5.60000000e+08 -6.40032639e+01 
 5.70000000e+08 -7.44588252e+01 
 5.80000000e+08 -6.12956569e+01 
 5.90000000e+08 -6.37689162e+01 
 6.00000000e+08 -6.24050914e+01 
 6.10000000e+08 -6.10239476e+01 
 6.20000000e+08 -5.94671306e+01 
 6.30000000e+08 -5.76179850e+01 
 6.40000000e+08 -5.51549204e+01 
 6.50000000e+08 -5.16503306e+01 
 6.60000000e+08 -4.62867851e+01 
 6.70000000e+08 -3.79416732e+01 
 6.80000000e+08 -2.33799636e+01 
 6.90000000e+08 -5.29449260e+00 
 7.00000000e+08 -3.28314465e+00 
 7.10000000e+08 -1.38966972e+01 
 7.20000000e+08 -3.39927171e+01 
 7.30000000e+08 -4.36607242e+01 
 7.40000000e+08 -4.97855156e+01 
 7.50000000e+08 -5.40035122e+01 
 7.60000000e+08 -5.70641932e+01 
 7.70000000e+08 -5.94550991e+01 
 7.80000000e+08 -6.13534737e+01 
 7.90000000e+08 -6.28783281e+01 
 8.00000000e+08 -6.41471641e+01 
 8.10000000e+08 -6.60411913e+01 
 8.20000000e+08 -6.24146331e+01 
 8.30000000e+08 -6.44243829e+01 
 8.40000000e+08 -6.66886510e+01 
 8.50000000e+08 -6.68567682e+01 
 8.60000000e+08 -6.70775704e+01 
 8.70000000e+08 -6.73157233e+01 
 8.80000000e+08 -6.75494631e+01 
 8.90000000e+08 -6.77860243e+01 
 9.00000000e+08 -6.80894983e+01 
 9.10000000e+08 -6.83842686e+01 
 9.20000000e+08 -6.86509713e+01 
 9.30000000e+08 -6.90038611e+01 
 9.40000000e+08 -6.93724557e+01 
 9.50000000e+08 -6.94811219e+01 
 9.60000000e+08 -7.00152333e+01 
 9.70000000e+08 -7.02706181e+01 
 9.80000000e+08 -7.05080170e+01 
 9.90000000e+08 -7.07920519e+01 
 1.00000000e+09 -7.10285156e+01 
 1.01000000e+09 -7.12043445e+01 
 1.02000000e+09 -7.14006776e+01 
 1.03000000e+09 -7.15574265e+01 
 1.04000000e+09 -7.17055890e+01 
 1.05000000e+09 -7.18464343e+01 
 1.06000000e+09 -7.19947002e+01 
 1.07000000e+09 -7.20510981e+01 
 1.08000000e+09 -7.22729078e+01 
 1.09000000e+09 -7.23494646e+01 
 1.10000000e+09 -7.24838043e+01 
 1.11000000e+09 -7.26435229e+01 
 1.12000000e+09 -7.27462431e+01 
 1.13000000e+09 -7.29003567e+01 
 1.14000000e+09 -7.29969814e+01 
 1.15000000e+09 -7.32042142e+01 
 1.16000000e+09 -7.32470971e+01 
 1.17000000e+09 -7.34381850e+01 
 1.18000000e+09 -7.34837892e+01 
 1.19000000e+09 -7.36086129e+01 
 1.20000000e+09 -7.37917485e+01 
 1.21000000e+09 -7.38442542e+01 
 1.22000000e+09 -7.38817661e+01 
 1.23000000e+09 -7.39973468e+01 
 1.24000000e+09 -7.39880011e+01 
 1.25000000e+09 -7.38732822e+01 
 1.26000000e+09 -7.26826313e+01 
 1.27000000e+09 -7.16892251e+01 
 1.28000000e+09 -7.21960503e+01 
 1.29000000e+09 -7.36853808e+01 
 1.30000000e+09 -7.35388077e+01 
 1.31000000e+09 -7.31894992e+01 
 1.32000000e+09 -7.26989565e+01 
 1.33000000e+09 -7.19289521e+01 
 1.34000000e+09 -7.04962704e+01 
 1.35000000e+09 -6.78253362e+01 
 1.36000000e+09 -6.23290690e+01 
 1.37000000e+09 -5.25179441e+01 
 1.38000000e+09 -3.27281672e+01 
 1.39000000e+09 -2.16397386e+01 
 1.40000000e+09 -2.33904930e+01 
 1.41000000e+09 -4.06474374e+01 
 1.42000000e+09 -5.52115918e+01 
 1.43000000e+09 -6.35291542e+01 
 1.44000000e+09 -6.94173182e+01 
 1.45000000e+09 -7.41384645e+01 
 1.46000000e+09 -7.83729249e+01 
 1.47000000e+09 -8.25609406e+01 
 1.48000000e+09 -8.62024629e+01 
 1.49000000e+09 -8.90891733e+01 
 1.50000000e+09 -8.96974630e+01 
 1.51000000e+09 -7.92757081e+01 
 1.52000000e+09 -8.00477336e+01 
 1.53000000e+09 -7.91409104e+01 
 1.54000000e+09 -8.54617927e+01 
 1.55000000e+09 -8.51707913e+01 
 1.56000000e+09 -8.48058341e+01 
 1.57000000e+09 -8.45959666e+01 
 1.58000000e+09 -8.43509197e+01 
 1.59000000e+09 -8.42717243e+01 
 1.60000000e+09 -8.42384801e+01 
 1.61000000e+09 -8.43447988e+01 
 1.62000000e+09 -8.41129168e+01 
 1.63000000e+09 -8.41966915e+01 
 1.64000000e+09 -8.45764404e+01 
 1.65000000e+09 -8.39874278e+01 
 1.66000000e+09 -8.41315536e+01 
 1.67000000e+09 -8.42449223e+01 
 1.68000000e+09 -8.39871230e+01 
 1.69000000e+09 -8.40648730e+01 
 1.70000000e+09 -8.40307254e+01 
 1.71000000e+09 -8.37834260e+01 
 1.72000000e+09 -8.38120262e+01 
 1.73000000e+09 -8.36878654e+01 
 1.74000000e+09 -8.35659375e+01 
 1.75000000e+09 -8.34757499e+01 
 1.76000000e+09 -8.34932910e+01 
 1.77000000e+09 -8.30648476e+01 
 1.78000000e+09 -8.32143532e+01 
 1.79000000e+09 -8.29959749e+01 
 1.80000000e+09 -8.28581571e+01 
 1.81000000e+09 -8.27012275e+01 
 1.82000000e+09 -8.24952580e+01 
 1.83000000e+09 -8.18741223e+01 
 1.84000000e+09 -8.27095683e+01 
 1.85000000e+09 -8.15149212e+01 
 1.86000000e+09 -8.12848068e+01 
 1.87000000e+09 -8.10307418e+01 
 1.88000000e+09 -8.05333443e+01 
 1.89000000e+09 -8.00180574e+01 
 1.90000000e+09 -7.97547420e+01 
 1.91000000e+09 -7.91988804e+01 
 1.92000000e+09 -7.85275684e+01 
 1.93000000e+09 -7.80145692e+01 
 1.94000000e+09 -7.70779925e+01 
 1.95000000e+09 -7.31516073e+01 
 1.96000000e+09 -7.22530827e+01 
 1.97000000e+09 -6.65755392e+01 
 1.98000000e+09 -7.76254883e+01 
 1.99000000e+09 -7.59885931e+01 
 2.00000000e+09 -7.55847129e+01 
 2.01000000e+09 -7.52260744e+01 
 2.02000000e+09 -7.51002713e+01 
 2.03000000e+09 -7.49196471e+01 
 2.04000000e+09 -7.44996397e+01 
 2.05000000e+09 -7.37535502e+01 
 2.06000000e+09 -7.14301347e+01 
 2.07000000e+09 -6.35111680e+01 
 2.08000000e+09 -2.14252476e+01 
 2.09000000e+09 -1.51603997e+01 
 2.10000000e+09 -2.07825170e+01 
 2.11000000e+09 -6.10253245e+01 
 2.12000000e+09 -7.24986028e+01 
 2.13000000e+09 -7.45065158e+01 
 2.14000000e+09 -7.43775240e+01 
 2.15000000e+09 -7.43716804e+01 
 2.16000000e+09 -7.45633255e+01 
 2.17000000e+09 -7.49265589e+01 
 2.18000000e+09 -7.52318862e+01 
 2.19000000e+09 -7.55817764e+01 
 2.20000000e+09 -7.48528507e+01 
 2.21000000e+09 -7.93144498e+01 
 2.22000000e+09 -6.82678654e+01 
 2.23000000e+09 -8.39538570e+01 
 2.24000000e+09 -7.91327883e+01 
 2.25000000e+09 -7.94000040e+01 
 2.26000000e+09 -7.99916699e+01 
 2.27000000e+09 -8.04352243e+01 
 2.28000000e+09 -8.09726136e+01 
 2.29000000e+09 -8.16253774e+01 
 2.30000000e+09 -8.19786621e+01 
 2.31000000e+09 -8.22911787e+01 
 2.32000000e+09 -8.26510054e+01 
 2.33000000e+09 -8.29171429e+01 
 2.34000000e+09 -8.28176900e+01 
 2.35000000e+09 -8.31500654e+01 
 2.36000000e+09 -8.32417432e+01 
 2.37000000e+09 -8.34308231e+01 
 2.38000000e+09 -8.34728795e+01 
 2.39000000e+09 -8.35830011e+01 
 2.40000000e+09 -8.38139460e+01 
 2.41000000e+09 -8.38937623e+01 
 2.42000000e+09 -8.38979580e+01 
 2.43000000e+09 -8.41824208e+01 
 2.44000000e+09 -8.43045481e+01 
 2.45000000e+09 -8.43895448e+01 
 2.46000000e+09 -8.46545091e+01 
 2.47000000e+09 -8.47204180e+01 
 2.48000000e+09 -8.48122327e+01 
 2.49000000e+09 -8.50528526e+01 
 2.50000000e+09 -8.52524830e+01 
 2.51000000e+09 -8.52346416e+01 
 2.52000000e+09 -8.56816018e+01 
 2.53000000e+09 -8.49615721e+01 
 2.54000000e+09 -8.62767681e+01 
 2.55000000e+09 -8.58591613e+01 
 2.56000000e+09 -8.59668590e+01 
 2.57000000e+09 -8.61275768e+01 
 2.58000000e+09 -8.63641149e+01 
 2.59000000e+09 -8.61183589e+01 
 2.60000000e+09 -8.67481849e+01 
 2.61000000e+09 -8.68599492e+01 
 2.62000000e+09 -8.66623145e+01 
 2.63000000e+09 -8.69185465e+01 
 2.64000000e+09 -8.65364217e+01 
 2.65000000e+09 -7.49524774e+01 
 2.66000000e+09 -7.06154576e+01 
 2.67000000e+09 -7.26839199e+01 
 2.68000000e+09 -9.17001910e+01 
 2.69000000e+09 -9.07780602e+01 
 2.70000000e+09 -9.03917406e+01 
 2.71000000e+09 -8.84729749e+01 
 2.72000000e+09 -8.49514160e+01 
 2.73000000e+09 -8.03584026e+01 
 2.74000000e+09 -7.53055996e+01 
 2.75000000e+09 -6.89037928e+01 
 2.76000000e+09 -6.02163369e+01 
 2.77000000e+09 -4.59131412e+01 
 2.78000000e+09 -2.70951630e+01 
 2.79000000e+09 -2.47810366e+01 
 2.80000000e+09 -3.50164435e+01 
 2.81000000e+09 -5.59620405e+01 
 2.82000000e+09 -6.60941578e+01 
 2.83000000e+09 -7.25107712e+01 
 2.84000000e+09 -7.65803418e+01 
 2.85000000e+09 -7.92364619e+01 
 2.86000000e+09 -8.10420417e+01 
 2.87000000e+09 -8.23018817e+01 
 2.88000000e+09 -8.33288279e+01 
 2.89000000e+09 -8.44740847e+01 
 2.90000000e+09 -9.62362349e+01 
 2.91000000e+09 -7.42337596e+01 
 2.92000000e+09 -8.25643932e+01 
 2.93000000e+09 -8.45334387e+01 
 2.94000000e+09 -8.55154540e+01 
 2.95000000e+09 -8.57953950e+01 
 2.96000000e+09 -8.58412764e+01 
 2.97000000e+09 -8.60884101e+01 
 2.98000000e+09 -8.61946554e+01 
 2.99000000e+09 -8.61950911e+01 
 3.00000000e+09 -8.63277835e+01 
 3.01000000e+09 -8.67263928e+01 
 3.02000000e+09 -8.66987190e+01 
 3.03000000e+09 -8.68740946e+01 
 3.04000000e+09 -8.71689628e+01 
 3.05000000e+09 -8.76495870e+01 
 3.06000000e+09 -8.77235925e+01 
 3.07000000e+09 -8.81108152e+01 
 3.08000000e+09 -8.81792474e+01 
 3.09000000e+09 -8.85547280e+01 
 3.10000000e+09 -8.87969499e+01 
 3.11000000e+09 -8.88806031e+01 
 3.12000000e+09 -8.93614946e+01 
 3.13000000e+09 -8.94595041e+01 
 3.14000000e+09 -8.96632022e+01 
 3.15000000e+09 -8.99479675e+01 
 3.16000000e+09 -9.04021301e+01 
 3.17000000e+09 -9.03493686e+01 
 3.18000000e+09 -9.09778229e+01 
 3.19000000e+09 -9.11690168e+01 
 3.20000000e+09 -9.13207058e+01 
 3.21000000e+09 -9.21485226e+01 
 3.22000000e+09 -9.21666269e+01 
 3.23000000e+09 -9.26970414e+01 
 3.24000000e+09 -9.25849526e+01 
 3.25000000e+09 -9.33861474e+01 
 3.26000000e+09 -9.33975109e+01 
 3.27000000e+09 -9.40132961e+01 
 3.28000000e+09 -9.36504599e+01 
 3.29000000e+09 -9.43613418e+01 
 3.30000000e+09 -9.37509127e+01 
 3.31000000e+09 -9.34352570e+01 
 3.32000000e+09 -9.37712845e+01 
 3.33000000e+09 -9.28351664e+01 
 3.34000000e+09 -8.94509346e+01 
 3.35000000e+09 -7.63727239e+01 
 3.36000000e+09 -7.12757724e+01 
 3.37000000e+09 -8.09781486e+01 
 3.38000000e+09 -9.06670149e+01 
 3.39000000e+09 -8.89655395e+01 
 3.40000000e+09 -8.65669125e+01 
 3.41000000e+09 -8.39720477e+01 
 3.42000000e+09 -8.09585899e+01 
 3.43000000e+09 -7.70771363e+01 
 3.44000000e+09 -7.26169255e+01 
 3.45000000e+09 -6.64098118e+01 
 3.46000000e+09 -5.69607159e+01 
 3.47000000e+09 -3.80982060e+01 
 3.48000000e+09 -2.66591514e+01 
 3.49000000e+09 -2.80821703e+01 
 3.50000000e+09 -4.48150815e+01 
 3.51000000e+09 -6.00450326e+01 
 3.52000000e+09 -6.85744489e+01 
 3.53000000e+09 -7.37612379e+01 
 3.54000000e+09 -7.69167741e+01 
 3.55000000e+09 -7.88857882e+01 
 3.56000000e+09 -8.04555719e+01 
 3.57000000e+09 -8.15635362e+01 
 3.58000000e+09 -8.26921447e+01 
 3.59000000e+09 -8.35399125e+01 
 3.60000000e+09 -1.03454413e+02 
 3.61000000e+09 -7.55543049e+01 
 3.62000000e+09 -9.15801820e+01 
 3.63000000e+09 -8.69857560e+01 
 3.64000000e+09 -8.75375022e+01 
 3.65000000e+09 -8.81742712e+01 
 3.66000000e+09 -8.84312236e+01 
 3.67000000e+09 -8.89158101e+01 
 3.68000000e+09 -8.97593445e+01 
 3.69000000e+09 -8.96806296e+01 
 3.70000000e+09 -9.00164416e+01 
 3.71000000e+09 -9.04564194e+01 
 3.72000000e+09 -9.06118038e+01 
 3.73000000e+09 -9.11908138e+01 
 3.74000000e+09 -9.09690469e+01 
 3.75000000e+09 -9.16624727e+01 
 3.76000000e+09 -9.21507792e+01 
 3.77000000e+09 -9.23112107e+01 
 3.78000000e+09 -9.26897422e+01 
 3.79000000e+09 -9.31872911e+01 
 3.80000000e+09 -9.34589424e+01 
 3.81000000e+09 -9.34489581e+01 
 3.82000000e+09 -9.43784593e+01 
 3.83000000e+09 -9.44410597e+01 
 3.84000000e+09 -9.46926057e+01 
 3.85000000e+09 -9.53095818e+01 
 3.86000000e+09 -9.51818945e+01 
 3.87000000e+09 -9.55979481e+01 
 3.88000000e+09 -9.61857286e+01 
 3.89000000e+09 -9.63349803e+01 
 3.90000000e+09 -9.60680188e+01 
 3.91000000e+09 -9.71082098e+01 
 3.92000000e+09 -9.45972393e+01 
 3.93000000e+09 -1.01651395e+02 
 3.94000000e+09 -9.54088606e+01 
 3.95000000e+09 -9.66606413e+01 
 3.96000000e+09 -9.63930441e+01 
 3.97000000e+09 -9.68007722e+01 
 3.98000000e+09 -9.56830936e+01 
 3.99000000e+09 -9.65459299e+01 
 4.00000000e+09 -9.54013416e+01 
 4.01000000e+09 -9.46791273e+01 
 4.02000000e+09 -9.41843649e+01 
 4.03000000e+09 -9.19537189e+01 
 4.04000000e+09 -8.12955338e+01 
 4.05000000e+09 -7.02262576e+01 
 4.06000000e+09 -6.94395118e+01 
 4.07000000e+09 -8.90616979e+01 
 4.08000000e+09 -9.53404119e+01 
 4.09000000e+09 -9.22520476e+01 
 4.10000000e+09 -9.10024079e+01 
 4.11000000e+09 -9.09337474e+01 
 4.12000000e+09 -8.97610693e+01 
 4.13000000e+09 -8.88484978e+01 
 4.14000000e+09 -8.66638194e+01 
 4.15000000e+09 -8.23054487e+01 
 4.16000000e+09 -7.22851329e+01 
 4.17000000e+09 -3.64513788e+01 
 4.18000000e+09 -2.98591811e+01 
 4.19000000e+09 -3.51612166e+01 
 4.20000000e+09 -7.00825086e+01 
 4.21000000e+09 -8.32742630e+01 
 4.22000000e+09 -8.77425771e+01 
 4.23000000e+09 -8.77997891e+01 
 4.24000000e+09 -8.74880763e+01 
 4.25000000e+09 -8.75304327e+01 
 4.26000000e+09 -8.75988688e+01 
 4.27000000e+09 -8.79317439e+01 
 4.28000000e+09 -8.79345753e+01 
 4.29000000e+09 -8.68785911e+01 
 4.30000000e+09 -8.53309400e+01 
 4.31000000e+09 -7.81002426e+01 
 4.32000000e+09 -1.01348280e+02 
 4.33000000e+09 -9.08759433e+01 
 4.34000000e+09 -9.07547548e+01 
 4.35000000e+09 -9.09628294e+01 
 4.36000000e+09 -9.13520904e+01 
 4.37000000e+09 -9.20363164e+01 
 4.38000000e+09 -9.18208416e+01 
 4.39000000e+09 -9.23222680e+01 
 4.40000000e+09 -9.23338074e+01 
 4.41000000e+09 -9.28418289e+01 
 4.42000000e+09 -9.31902890e+01 
 4.43000000e+09 -9.16595417e+01 
 4.44000000e+09 -9.35484097e+01 
 4.45000000e+09 -9.32257807e+01 
 4.46000000e+09 -9.29269604e+01 
 4.47000000e+09 -9.34414188e+01 
 4.48000000e+09 -9.31525563e+01 
 4.49000000e+09 -9.33782076e+01 
 4.50000000e+09 -9.33793867e+01 
 4.51000000e+09 -9.35604047e+01 
 4.52000000e+09 -9.35742800e+01 
 4.53000000e+09 -9.37131758e+01 
 4.54000000e+09 -9.36988655e+01 
 4.55000000e+09 -9.34671627e+01 
 4.56000000e+09 -9.41513319e+01 
 4.57000000e+09 -9.37795328e+01 
 4.58000000e+09 -9.38931525e+01 
 4.59000000e+09 -9.39655049e+01 
 4.60000000e+09 -9.37298416e+01 
 4.61000000e+09 -9.42299795e+01 
 4.62000000e+09 -9.31723155e+01 
 4.63000000e+09 -9.47575388e+01 
 4.64000000e+09 -9.35330808e+01 
 4.65000000e+09 -9.40955604e+01 
 4.66000000e+09 -9.35868629e+01 
 4.67000000e+09 -9.41360004e+01 
 4.68000000e+09 -9.37577999e+01 
 4.69000000e+09 -9.40132522e+01 
 4.70000000e+09 -9.35608019e+01 
 4.71000000e+09 -9.36577407e+01 
 4.72000000e+09 -9.33285451e+01 
 4.73000000e+09 -9.28259037e+01 
 4.74000000e+09 -8.19940082e+01 
 4.75000000e+09 -7.73589581e+01 
 4.76000000e+09 -7.83342230e+01 
 4.77000000e+09 -9.37828697e+01 
 4.78000000e+09 -9.17885836e+01 
 4.79000000e+09 -9.10247895e+01 
 4.80000000e+09 -9.02396057e+01 
 4.81000000e+09 -9.00712721e+01 
 4.82000000e+09 -8.87703940e+01 
 4.83000000e+09 -8.75707537e+01 
 4.84000000e+09 -8.40008795e+01 
 4.85000000e+09 -7.63391506e+01 
 4.86000000e+09 -6.20872740e+01 
 4.87000000e+09 -4.22548158e+01 
 4.88000000e+09 -3.96886081e+01 
 4.89000000e+09 -4.94536463e+01 
 4.90000000e+09 -7.05971060e+01 
 4.91000000e+09 -8.01532656e+01 
 4.92000000e+09 -8.60949304e+01 
 4.93000000e+09 -9.04723343e+01 
 4.94000000e+09 -9.34274839e+01 
 4.95000000e+09 -9.55943987e+01 
 4.96000000e+09 -9.68913715e+01 
 4.97000000e+09 -9.78592595e+01 
 4.98000000e+09 -9.80484604e+01 
 4.99000000e+09 -9.69997383e+01 
 5.00000000e+09 -9.54138158e+01 
 5.01000000e+09 -9.19074485e+01 
 5.02000000e+09 -1.00511218e+02 
 5.03000000e+09 -9.94648218e+01 
 5.04000000e+09 -9.93043980e+01 
 5.05000000e+09 -9.99768230e+01 
 5.06000000e+09 -9.96886599e+01 
 5.07000000e+09 -9.96013944e+01 
 5.08000000e+09 -1.01169603e+02 
 5.09000000e+09 -1.01125620e+02 
 5.10000000e+09 -1.00481685e+02 
 5.11000000e+09 -1.01901801e+02 
 5.12000000e+09 -1.01190915e+02 
 5.13000000e+09 -1.01787847e+02 
 5.14000000e+09 -1.01575092e+02 
 5.15000000e+09 -1.01797665e+02 
 5.16000000e+09 -1.02008911e+02 
 5.17000000e+09 -1.02690860e+02 
 5.18000000e+09 -1.02360262e+02 
 5.19000000e+09 -1.02588212e+02 
 5.20000000e+09 -1.03587068e+02 
 5.21000000e+09 -1.02412855e+02 
 5.22000000e+09 -1.03735333e+02 
 5.23000000e+09 -1.03808441e+02 
 5.24000000e+09 -1.03588044e+02 
 5.25000000e+09 -1.04633100e+02 
 5.26000000e+09 -1.04241301e+02 
 5.27000000e+09 -1.04263372e+02 
 5.28000000e+09 -1.05286049e+02 
 5.29000000e+09 -1.06240122e+02 
 5.30000000e+09 -1.04919220e+02 
 5.31000000e+09 -1.10552143e+02 
 5.32000000e+09 -1.00005382e+02 
 5.33000000e+09 -1.35839306e+02 
 5.34000000e+09 -1.07181981e+02 
 5.35000000e+09 -1.09289289e+02 
 5.36000000e+09 -1.08041167e+02 
 5.37000000e+09 -1.12694266e+02 
 5.38000000e+09 -1.08394535e+02 
 5.39000000e+09 -1.13784716e+02 
 5.40000000e+09 -1.09967586e+02 
 5.41000000e+09 -1.10256913e+02 
 5.42000000e+09 -1.04390674e+02 
 5.43000000e+09 -9.38169925e+01 
 5.44000000e+09 -7.09546069e+01 
 5.45000000e+09 -6.71049053e+01 
 5.46000000e+09 -7.55534506e+01 
 5.47000000e+09 -9.90658959e+01 
 5.48000000e+09 -1.00609373e+02 
 5.49000000e+09 -9.81211158e+01 
 5.50000000e+09 -9.60562090e+01 
 5.51000000e+09 -9.27434284e+01 
 5.52000000e+09 -8.86820434e+01 
 5.53000000e+09 -8.42531075e+01 
 5.54000000e+09 -7.79441587e+01 
 5.55000000e+09 -6.84030235e+01 
 5.56000000e+09 -4.99843519e+01 
 5.57000000e+09 -3.80907730e+01 
 5.58000000e+09 -3.92305229e+01 
 5.59000000e+09 -5.53142647e+01 
 5.60000000e+09 -7.08224347e+01 
 5.61000000e+09 -7.95301220e+01 
 5.62000000e+09 -8.50322605e+01 
 5.63000000e+09 -8.84186182e+01 
 5.64000000e+09 -9.06568115e+01 
 5.65000000e+09 -9.26940706e+01 
 5.66000000e+09 -9.38588448e+01 
 5.67000000e+09 -9.49779299e+01 
 5.68000000e+09 -9.60437671e+01 
 5.69000000e+09 -9.69281130e+01 
 5.70000000e+09 -8.37794573e+01 
 5.71000000e+09 -9.61696788e+01 
 5.72000000e+09 -9.96952654e+01 
 5.73000000e+09 -1.00354620e+02 
 5.74000000e+09 -1.01233796e+02 
 5.75000000e+09 -1.01247925e+02 
 5.76000000e+09 -1.02164825e+02 
 5.77000000e+09 -1.03159544e+02 
 5.78000000e+09 -1.02435806e+02 
 5.79000000e+09 -1.02625446e+02 
 5.80000000e+09 -1.04287498e+02 
 5.81000000e+09 -1.03350064e+02 
 5.82000000e+09 -1.02942460e+02 
 5.83000000e+09 -1.04008572e+02 
 5.84000000e+09 -1.05039329e+02 
 5.85000000e+09 -1.05436193e+02 
 5.86000000e+09 -1.06304430e+02 
 5.87000000e+09 -1.05682970e+02 
 5.88000000e+09 -1.06723170e+02 
 5.89000000e+09 -1.08102357e+02 
 5.90000000e+09 -1.06059835e+02 
 5.91000000e+09 -1.09173636e+02 
 5.92000000e+09 -1.07920823e+02 
 5.93000000e+09 -1.08264155e+02 
 5.94000000e+09 -1.09717721e+02 
 5.95000000e+09 -1.07866755e+02 
 5.96000000e+09 -1.09505585e+02 
 5.97000000e+09 -1.10988039e+02 
 5.98000000e+09 -1.10079389e+02 
 5.99000000e+09 -1.09269425e+02 
 6.00000000e+09 -1.12362077e+02 
 6.01000000e+09 -1.07949782e+02 
 6.02000000e+09 -1.05271308e+02 
 6.03000000e+09 -1.13658877e+02 
 6.04000000e+09 -1.10324223e+02 
 6.05000000e+09 -1.11536623e+02 
 6.06000000e+09 -1.11417806e+02 
 6.07000000e+09 -1.09262104e+02 
 6.08000000e+09 -1.13209315e+02 
 6.09000000e+09 -1.11483077e+02 
 6.10000000e+09 -1.07932147e+02 
 6.11000000e+09 -1.09317030e+02 
 6.12000000e+09 -1.03692227e+02 
 6.13000000e+09 -9.01381493e+01 
 6.14000000e+09 -7.69122502e+01 
 6.15000000e+09 -7.68835064e+01 
 6.16000000e+09 -9.04998490e+01 
 6.17000000e+09 -1.05170728e+02 
 6.18000000e+09 -1.10041295e+02 
 6.19000000e+09 -1.10663823e+02 
 6.20000000e+09 -1.13568624e+02 
 6.21000000e+09 -1.17439365e+02 
 6.22000000e+09 -1.12349681e+02 
 6.23000000e+09 -1.11525893e+02 
 6.24000000e+09 -1.05698921e+02 
 6.25000000e+09 -9.29524126e+01 
 6.26000000e+09 -5.99756885e+01 
 6.27000000e+09 -5.30104772e+01 
 6.28000000e+09 -5.80275151e+01 
 6.29000000e+09 -8.91186867e+01 
 6.30000000e+09 -1.01661682e+02 
 6.31000000e+09 -1.14412300e+02 
 6.32000000e+09 -1.26808617e+02 
 6.33000000e+09 -1.19927159e+02 
 6.34000000e+09 -1.18751140e+02 
 6.35000000e+09 -1.10746342e+02 
 6.36000000e+09 -1.12682343e+02 
 6.37000000e+09 -1.09811125e+02 
 6.38000000e+09 -1.09341175e+02 
 6.39000000e+09 -1.05941602e+02 
 6.40000000e+09 -1.04736077e+02 
 6.41000000e+09 -1.06061600e+02 
 6.42000000e+09 -1.08939409e+02 
 6.43000000e+09 -1.09043536e+02 
 6.44000000e+09 -1.07939049e+02 
 6.45000000e+09 -1.09253934e+02 
 6.46000000e+09 -1.11375791e+02 
 6.47000000e+09 -1.06013421e+02 
 6.48000000e+09 -1.08863873e+02 
 6.49000000e+09 -1.09211729e+02 
 6.50000000e+09 -1.07753271e+02 
 6.51000000e+09 -1.09768399e+02 
 6.52000000e+09 -1.05872638e+02 
 6.53000000e+09 -1.10563192e+02 
 6.54000000e+09 -1.09293243e+02 
 6.55000000e+09 -1.07679331e+02 
 6.56000000e+09 -1.08395087e+02 
 6.57000000e+09 -1.08157769e+02 
 6.58000000e+09 -1.08354263e+02 
 6.59000000e+09 -1.07878352e+02 
 6.60000000e+09 -1.09645841e+02 
 6.61000000e+09 -1.07193109e+02 
 6.62000000e+09 -1.08491958e+02 
 6.63000000e+09 -1.08545006e+02 
 6.64000000e+09 -1.07091831e+02 
 6.65000000e+09 -1.09325404e+02 
 6.66000000e+09 -1.08956633e+02 
 6.67000000e+09 -1.07594522e+02 
 6.68000000e+09 -1.07914096e+02 
 6.69000000e+09 -1.08743822e+02 
 6.70000000e+09 -1.06195872e+02 
 6.71000000e+09 -1.26203322e+02 
 6.72000000e+09 -1.01268941e+02 
 6.73000000e+09 -1.08985124e+02 
 6.74000000e+09 -1.08966343e+02 
 6.75000000e+09 -1.07666122e+02 
 6.76000000e+09 -1.07705306e+02 
 6.77000000e+09 -1.09301230e+02 
 6.78000000e+09 -1.07609288e+02 
 6.79000000e+09 -1.07517555e+02 
 6.80000000e+09 -1.12451216e+02 
 6.81000000e+09 -1.15196342e+02 
 6.82000000e+09 -1.02468938e+02 
 6.83000000e+09 -7.31905127e+01 
 6.84000000e+09 -6.46554400e+01 
 6.85000000e+09 -6.85406778e+01 
 6.86000000e+09 -9.23672121e+01 
 6.87000000e+09 -1.02594294e+02 
 6.88000000e+09 -1.02323499e+02 
 6.89000000e+09 -1.00600642e+02 
 6.90000000e+09 -9.90177788e+01 
 6.91000000e+09 -9.61478367e+01 
 6.92000000e+09 -9.39427802e+01 
 6.93000000e+09 -8.96337053e+01 
 6.94000000e+09 -8.22480146e+01 
 6.95000000e+09 -6.87752111e+01 
 6.96000000e+09 -4.82064990e+01 
 6.97000000e+09 -4.53226814e+01 
 6.98000000e+09 -5.47294455e+01 
 6.99000000e+09 -7.67034095e+01 
 7.00000000e+09 -8.61791096e+01 
 7.01000000e+09 -9.15017212e+01 
 7.02000000e+09 -9.50808556e+01 
 7.03000000e+09 -9.74306799e+01 
 7.04000000e+09 -9.95687232e+01 
 7.05000000e+09 -1.00197737e+02 
 7.06000000e+09 -1.01839829e+02 
 7.07000000e+09 -1.02126826e+02 
 7.08000000e+09 -1.01781064e+02 
 7.09000000e+09 -8.98373770e+01 
 7.10000000e+09 -9.16347442e+01 
 7.11000000e+09 -1.03653445e+02 
 7.12000000e+09 -1.03561746e+02 
 7.13000000e+09 -1.03500622e+02 
 7.14000000e+09 -1.03511196e+02 
 7.15000000e+09 -1.03370203e+02 
 7.16000000e+09 -1.05259145e+02 
 7.17000000e+09 -1.03942146e+02 
 7.18000000e+09 -1.04768641e+02 
 7.19000000e+09 -1.04538759e+02 
 7.20000000e+09 -1.05597664e+02 
 7.21000000e+09 -1.06734121e+02 
 7.22000000e+09 -1.02860073e+02 
 7.23000000e+09 -1.06800726e+02 
 7.24000000e+09 -1.06713921e+02 
 7.25000000e+09 -1.05526284e+02 
 7.26000000e+09 -1.07338516e+02 
 7.27000000e+09 -1.06124580e+02 
 7.28000000e+09 -1.06357800e+02 
 7.29000000e+09 -1.07180798e+02 
 7.30000000e+09 -1.07315765e+02 
 7.31000000e+09 -1.07089083e+02 
 7.32000000e+09 -1.07563039e+02 
 7.33000000e+09 -1.07480472e+02 
 7.34000000e+09 -1.07641284e+02 
 7.35000000e+09 -1.07437409e+02 
 7.36000000e+09 -1.08387965e+02 
 7.37000000e+09 -1.08327175e+02 
 7.38000000e+09 -1.08580871e+02 
 7.39000000e+09 -1.08188342e+02 
 7.40000000e+09 -1.12137476e+02 
 7.41000000e+09 -1.02499216e+02 
 7.42000000e+09 -1.23125562e+02 
 7.43000000e+09 -1.07748662e+02 
 7.44000000e+09 -1.10073349e+02 
 7.45000000e+09 -1.08212468e+02 
 7.46000000e+09 -1.10551587e+02 
 7.47000000e+09 -1.08173740e+02 
 7.48000000e+09 -1.10199469e+02 
 7.49000000e+09 -1.08314784e+02 
 7.50000000e+09 -1.09504415e+02 
 7.51000000e+09 -1.06631534e+02 
 7.52000000e+09 -9.83080468e+01 
 7.53000000e+09 -7.31331363e+01 
 7.54000000e+09 -6.91585000e+01 
 7.55000000e+09 -7.69580907e+01 
 7.56000000e+09 -1.00776060e+02 
 7.57000000e+09 -1.07193463e+02 
 7.58000000e+09 -1.09503077e+02 
 7.59000000e+09 -1.10526053e+02 
 7.60000000e+09 -1.13483772e+02 
 7.61000000e+09 -1.09687691e+02 
 7.62000000e+09 -1.07217962e+02 
 7.63000000e+09 -1.00046172e+02 
 7.64000000e+09 -8.93520544e+01 
 7.65000000e+09 -7.10516952e+01 
 7.66000000e+09 -5.86319537e+01 
 7.67000000e+09 -5.94997821e+01 
 7.68000000e+09 -7.49685629e+01 
 7.69000000e+09 -9.08589065e+01 
 7.70000000e+09 -1.00485496e+02 
 7.71000000e+09 -1.07870836e+02 
 7.72000000e+09 -1.12381487e+02 
 7.73000000e+09 -1.14704439e+02 
 7.74000000e+09 -1.17720244e+02 
 7.75000000e+09 -1.20777349e+02 
 7.76000000e+09 -1.16544469e+02 
 7.77000000e+09 -1.20737217e+02 
 7.78000000e+09 -1.17659679e+02 
 7.79000000e+09 -1.18762153e+02 
 7.80000000e+09 -1.15652168e+02 
 7.81000000e+09 -1.21512248e+02 
 7.82000000e+09 -1.21082251e+02 
 7.83000000e+09 -1.20409641e+02 
 7.84000000e+09 -1.22971129e+02 
 7.85000000e+09 -1.35579939e+02 
 7.86000000e+09 -1.14958644e+02 
 7.87000000e+09 -1.25495690e+02 
 7.88000000e+09 -1.22782506e+02 
 7.89000000e+09 -1.22625473e+02 
 7.90000000e+09 -1.22391269e+02 
 7.91000000e+09 -1.16221333e+02 
 7.92000000e+09 -1.24905347e+02 
 7.93000000e+09 -1.26410470e+02 
 7.94000000e+09 -1.20308739e+02 
 7.95000000e+09 -1.33996567e+02 
 7.96000000e+09 -1.21472818e+02 
 7.97000000e+09 -1.29162763e+02 
 7.98000000e+09 -1.29037902e+02 
 7.99000000e+09 -1.23432074e+02 
 8.00000000e+09 -1.23697080e+02 
 8.01000000e+09 -1.29170223e+02 
 8.02000000e+09 -1.29339502e+02 
 8.03000000e+09 -1.29834510e+02 
 8.04000000e+09 -1.23298395e+02 
 8.05000000e+09 -1.34791630e+02 
 8.06000000e+09 -1.30095431e+02 
 8.07000000e+09 -1.30164169e+02 
 8.08000000e+09 -1.27231551e+02 
 8.09000000e+09 -1.31282203e+02 
 8.10000000e+09 -1.10188974e+02 
 8.11000000e+09 -1.05515638e+02 
 8.12000000e+09 -1.11401341e+02 
 8.13000000e+09 -1.25933091e+02 
 8.14000000e+09 -1.32544951e+02 
 8.15000000e+09 -1.23644507e+02 
 8.16000000e+09 -1.23045572e+02 
 8.17000000e+09 -1.18078546e+02 
 8.18000000e+09 -1.17907851e+02 
 8.19000000e+09 -1.10077931e+02 
 8.20000000e+09 -1.05400423e+02 
 8.21000000e+09 -9.60223517e+01 
 8.22000000e+09 -7.99880419e+01 
 8.23000000e+09 -6.57874921e+01 
 8.24000000e+09 -6.54548067e+01 
 8.25000000e+09 -7.89571268e+01 
 8.26000000e+09 -9.66784998e+01 
 8.27000000e+09 -1.06641077e+02 
 8.28000000e+09 -1.09770489e+02 
 8.29000000e+09 -1.10528897e+02 
 8.30000000e+09 -1.11038581e+02 
 8.31000000e+09 -1.07587986e+02 
 8.32000000e+09 -1.05334671e+02 
 8.33000000e+09 -1.00319647e+02 
 8.34000000e+09 -9.02496424e+01 
 8.35000000e+09 -6.07299999e+01 
 8.36000000e+09 -5.34672784e+01 
 8.37000000e+09 -5.81472376e+01 
 8.38000000e+09 -8.69628101e+01 
 8.39000000e+09 -9.93057541e+01 
 8.40000000e+09 -1.06321476e+02 
 8.41000000e+09 -1.08453587e+02 
 8.42000000e+09 -1.09657717e+02 
 8.43000000e+09 -1.08707683e+02 
 8.44000000e+09 -1.12527656e+02 
 8.45000000e+09 -1.11194876e+02 
 8.46000000e+09 -1.12097766e+02 
 8.47000000e+09 -1.09121228e+02 
 8.48000000e+09 -9.93351344e+01 
 8.49000000e+09 -9.50154044e+01 
 8.50000000e+09 -1.09432326e+02 
 8.51000000e+09 -1.17425330e+02 
 8.52000000e+09 -1.17293798e+02 
 8.53000000e+09 -1.19044448e+02 
 8.54000000e+09 -1.17044221e+02 
 8.55000000e+09 -1.15908344e+02 
 8.56000000e+09 -1.26133816e+02 
 8.57000000e+09 -1.18675672e+02 
 8.58000000e+09 -1.18581492e+02 
 8.59000000e+09 -1.22579433e+02 
 8.60000000e+09 -1.19260234e+02 
 8.61000000e+09 -1.17912556e+02 
 8.62000000e+09 -1.17445797e+02 
 8.63000000e+09 -1.18866522e+02 
 8.64000000e+09 -1.21956811e+02 
 8.65000000e+09 -1.19686577e+02 
 8.66000000e+09 -1.20497239e+02 
 8.67000000e+09 -1.21731462e+02 
 8.68000000e+09 -1.19174133e+02 
 8.69000000e+09 -1.19744247e+02 
 8.70000000e+09 -1.26530006e+02 
 8.71000000e+09 -1.20240179e+02 
 8.72000000e+09 -1.21103571e+02 
 8.73000000e+09 -1.23823016e+02 
 8.74000000e+09 -1.19918675e+02 
 8.75000000e+09 -1.19182152e+02 
 8.76000000e+09 -1.23516391e+02 
 8.77000000e+09 -1.21618812e+02 
 8.78000000e+09 -1.20418316e+02 
 8.79000000e+09 -1.21207372e+02 
 8.80000000e+09 -1.06602138e+02 
 8.81000000e+09 -1.06103336e+02 
 8.82000000e+09 -1.17463187e+02 
 8.83000000e+09 -1.20077801e+02 
 8.84000000e+09 -1.21774891e+02 
 8.85000000e+09 -1.20324156e+02 
 8.86000000e+09 -1.17276346e+02 
 8.87000000e+09 -1.18940327e+02 
 8.88000000e+09 -1.17490387e+02 
 8.89000000e+09 -1.11778542e+02 
 8.90000000e+09 -1.08219725e+02 
 8.91000000e+09 -9.82004830e+01 
 8.92000000e+09 -7.44630176e+01 
 8.93000000e+09 -6.58181026e+01 
 8.94000000e+09 -6.92883731e+01 
 8.95000000e+09 -9.20598945e+01 
 8.96000000e+09 -1.05587084e+02 
 8.97000000e+09 -1.13493557e+02 
 8.98000000e+09 -1.16535880e+02 
 8.99000000e+09 -1.24118229e+02 
 9.00000000e+09 -1.25617667e+02 
 9.01000000e+09 -1.22474498e+02 
 9.02000000e+09 -1.15351859e+02 
 9.03000000e+09 -1.04814936e+02 
 9.04000000e+09 -9.08433071e+01 
 9.05000000e+09 -6.91076620e+01 
 9.06000000e+09 -6.59241901e+01 
 9.07000000e+09 -7.49745701e+01 
 9.08000000e+09 -9.80980091e+01 
 9.09000000e+09 -1.09158083e+02 
 9.10000000e+09 -1.14832978e+02 
 9.11000000e+09 -1.20205197e+02 
 9.12000000e+09 -1.21941636e+02 
 9.13000000e+09 -1.35585137e+02 
 9.14000000e+09 -1.24478473e+02 
 9.15000000e+09 -1.32978890e+02 
 9.16000000e+09 -1.30698674e+02 
 9.17000000e+09 -1.25033744e+02 
 9.18000000e+09 -1.10552332e+02 
 9.19000000e+09 -1.13125542e+02 
 9.20000000e+09 -1.22824544e+02 
 9.21000000e+09 -1.37083370e+02 
 9.22000000e+09 -1.35717315e+02 
 9.23000000e+09 -1.29195438e+02 
 9.24000000e+09 -1.32420256e+02 
 9.25000000e+09 -1.29111846e+02 
 9.26000000e+09 -1.26088222e+02 
 9.27000000e+09 -1.34000427e+02 
 9.28000000e+09 -1.44307638e+02 
 9.29000000e+09 -1.26729939e+02 
 9.30000000e+09 -1.32014278e+02 
 9.31000000e+09 -1.26303109e+02 
 9.32000000e+09 -1.30464946e+02 
 9.33000000e+09 -1.29033939e+02 
 9.34000000e+09 -1.30247801e+02 
 9.35000000e+09 -1.28848154e+02 
 9.36000000e+09 -1.36061942e+02 
 9.37000000e+09 -1.33306814e+02 
 9.38000000e+09 -1.26082792e+02 
 9.39000000e+09 -1.40662632e+02 
 9.40000000e+09 -1.30077255e+02 
 9.41000000e+09 -1.36852768e+02 
 9.42000000e+09 -1.40217742e+02 
 9.43000000e+09 -1.27785420e+02 
 9.44000000e+09 -1.40756053e+02 
 9.45000000e+09 -1.34398556e+02 
 9.46000000e+09 -1.33452690e+02 
 9.47000000e+09 -1.36936565e+02 
 9.48000000e+09 -1.41422153e+02 
 9.49000000e+09 -1.22374817e+02 
 9.50000000e+09 -1.12322969e+02 
 9.51000000e+09 -1.14960772e+02 
 9.52000000e+09 -1.32999077e+02 
 9.53000000e+09 -1.32408244e+02 
 9.54000000e+09 -1.37293106e+02 
 9.55000000e+09 -1.36543421e+02 
 9.56000000e+09 -1.27477429e+02 
 9.57000000e+09 -1.36070376e+02 
 9.58000000e+09 -1.27866372e+02 
 9.59000000e+09 -1.23797597e+02 
 9.60000000e+09 -1.14564033e+02 
 9.61000000e+09 -1.02389558e+02 
 9.62000000e+09 -7.57524001e+01 
 9.63000000e+09 -7.13600047e+01 
 9.64000000e+09 -7.89973597e+01 
 9.65000000e+09 -1.06836587e+02 
 9.66000000e+09 -1.17235973e+02 
 9.67000000e+09 -1.21238209e+02 
 9.68000000e+09 -1.21879474e+02 
 9.69000000e+09 -1.23875814e+02 
 9.70000000e+09 -1.20080499e+02 
 9.71000000e+09 -1.17105076e+02 
 9.72000000e+09 -1.11910095e+02 
 9.73000000e+09 -1.02887619e+02 
 9.74000000e+09 -8.54480290e+01 
 9.75000000e+09 -7.26000527e+01 
 9.76000000e+09 -7.31771224e+01 
 9.77000000e+09 -8.80130586e+01 
 9.78000000e+09 -1.03830233e+02 
 9.79000000e+09 -1.12564476e+02 
 9.80000000e+09 -1.17168893e+02 
 9.81000000e+09 -1.21642810e+02 
 9.82000000e+09 -1.23144837e+02 
 9.83000000e+09 -1.27494891e+02 
 9.84000000e+09 -1.27044927e+02 
 9.85000000e+09 -1.31252794e+02 
 9.86000000e+09 -1.30314569e+02 
 9.87000000e+09 -1.22026583e+02 
 9.88000000e+09 -1.14537362e+02 
 9.89000000e+09 -1.19735545e+02 
 9.90000000e+09 -1.34648850e+02 
 9.91000000e+09 -1.36822551e+02 
 9.92000000e+09 -1.37026305e+02 
 9.93000000e+09 -1.38659725e+02 
 9.94000000e+09 -1.36509949e+02 
 9.95000000e+09 -1.38292291e+02 
 9.96000000e+09 -1.39253934e+02 
 9.97000000e+09 -1.39850654e+02 
 9.98000000e+09 -1.38494584e+02 
 9.99000000e+09 -1.41384165e+02 
 1.00000000e+10 -1.39435434e+02 
 1.00100000e+10 -1.37561884e+02 
 1.00200000e+10 -1.39006693e+02 
 1.00300000e+10 -1.37203705e+02 
 1.00400000e+10 -1.35215123e+02 
