 0.00000000e+00 -3.65213631e+00 
 1.00000000e+07 -3.60278166e+00 
 2.00000000e+07 -5.44971308e+01 
 3.00000000e+07 -6.22637720e+01 
 4.00000000e+07 -6.69032996e+01 
 5.00000000e+07 -7.00849816e+01 
 6.00000000e+07 -7.26553979e+01 
 7.00000000e+07 -7.44621013e+01 
 8.00000000e+07 -7.44261645e+01 
 9.00000000e+07 -8.12320152e+01 
 1.00000000e+08 -7.48499747e+01 
 1.10000000e+08 -7.99757223e+01 
 1.20000000e+08 -8.06356558e+01 
 1.30000000e+08 -8.11490646e+01 
 1.40000000e+08 -8.17723856e+01 
 1.50000000e+08 -8.17254296e+01 
 1.60000000e+08 -8.23008197e+01 
 1.70000000e+08 -8.25896679e+01 
 1.80000000e+08 -8.04804964e+01 
 1.90000000e+08 -8.49589808e+01 
 2.00000000e+08 -8.21343116e+01 
 2.10000000e+08 -8.24000868e+01 
 2.20000000e+08 -8.26283547e+01 
 2.30000000e+08 -8.25583574e+01 
 2.40000000e+08 -8.30167837e+01 
 2.50000000e+08 -8.27860306e+01 
 2.60000000e+08 -8.31527659e+01 
 2.70000000e+08 -8.34022575e+01 
 2.80000000e+08 -8.33676988e+01 
 2.90000000e+08 -8.36441486e+01 
 3.00000000e+08 -8.41652630e+01 
 3.10000000e+08 -8.42188105e+01 
 3.20000000e+08 -8.48456182e+01 
 3.30000000e+08 -8.46886177e+01 
 3.40000000e+08 -8.55769729e+01 
 3.50000000e+08 -8.56024863e+01 
 3.60000000e+08 -8.60052819e+01 
 3.70000000e+08 -8.67475203e+01 
 3.80000000e+08 -8.71418918e+01 
 3.90000000e+08 -8.69984752e+01 
 4.00000000e+08 -8.79632962e+01 
 4.10000000e+08 -8.78126601e+01 
 4.20000000e+08 -8.90226133e+01 
 4.30000000e+08 -8.83384050e+01 
 4.40000000e+08 -8.92629757e+01 
 4.50000000e+08 -8.90999163e+01 
 4.60000000e+08 -8.92710434e+01 
 4.70000000e+08 -8.92874232e+01 
 4.80000000e+08 -8.98635512e+01 
 4.90000000e+08 -8.94038761e+01 
 5.00000000e+08 -9.01989132e+01 
 5.10000000e+08 -8.85115965e+01 
 5.20000000e+08 -9.05584043e+01 
 5.30000000e+08 -8.94745982e+01 
 5.40000000e+08 -9.00578025e+01 
 5.50000000e+08 -8.96318020e+01 
 5.60000000e+08 -9.03561350e+01 
 5.70000000e+08 -8.98610047e+01 
 5.80000000e+08 -9.07180173e+01 
 5.90000000e+08 -9.03507447e+01 
 6.00000000e+08 -8.11913146e+01 
 6.10000000e+08 -7.96193540e+01 
 6.20000000e+08 -9.04096365e+01 
 6.30000000e+08 -9.08209608e+01 
 6.40000000e+08 -9.13003016e+01 
 6.50000000e+08 -9.02125570e+01 
 6.60000000e+08 -8.99937239e+01 
 6.70000000e+08 -8.74584840e+01 
 6.80000000e+08 -8.09068782e+01 
 6.90000000e+08 -5.43701750e+01 
 7.00000000e+08 -4.93441506e+01 
 7.10000000e+08 -5.66947623e+01 
 7.20000000e+08 -9.11115225e+01 
 7.30000000e+08 -9.18756085e+01 
 7.40000000e+08 -9.20187374e+01 
 7.50000000e+08 -9.03923270e+01 
 7.60000000e+08 -8.94489465e+01 
 7.70000000e+08 -8.38432500e+01 
 7.80000000e+08 -5.91841800e+01 
 7.90000000e+08 -5.07851170e+01 
 8.00000000e+08 -5.47235534e+01 
 8.10000000e+08 -7.69772887e+01 
 8.20000000e+08 -8.56969577e+01 
 8.30000000e+08 -8.82120454e+01 
 8.40000000e+08 -8.94498865e+01 
 8.50000000e+08 -9.06557262e+01 
 8.60000000e+08 -9.10650901e+01 
 8.70000000e+08 -9.53095183e+01 
 8.80000000e+08 -8.09968044e+01 
 8.90000000e+08 -9.09342420e+01 
 9.00000000e+08 -8.82973442e+01 
 9.10000000e+08 -8.99224676e+01 
 9.20000000e+08 -9.04555011e+01 
 9.30000000e+08 -9.02253854e+01 
 9.40000000e+08 -8.95440604e+01 
 9.50000000e+08 -8.98427820e+01 
 9.60000000e+08 -8.97965069e+01 
 9.70000000e+08 -8.83785427e+01 
 9.80000000e+08 -9.01741357e+01 
 9.90000000e+08 -8.87228008e+01 
 1.00000000e+09 -8.86694935e+01 
 1.01000000e+09 -8.82648580e+01 
 1.02000000e+09 -8.78428695e+01 
 1.03000000e+09 -8.90207716e+01 
 1.04000000e+09 -8.74011475e+01 
 1.05000000e+09 -8.75852738e+01 
 1.06000000e+09 -8.78820323e+01 
 1.07000000e+09 -8.67273693e+01 
 1.08000000e+09 -8.68922515e+01 
 1.09000000e+09 -8.69622002e+01 
 1.10000000e+09 -8.64407487e+01 
 1.11000000e+09 -8.64925175e+01 
 1.12000000e+09 -8.50678837e+01 
 1.13000000e+09 -8.59771210e+01 
 1.14000000e+09 -8.50873117e+01 
 1.15000000e+09 -8.45145029e+01 
 1.16000000e+09 -8.44914060e+01 
 1.17000000e+09 -8.38505503e+01 
 1.18000000e+09 -8.31805727e+01 
 1.19000000e+09 -8.28917652e+01 
 1.20000000e+09 -8.22177606e+01 
 1.21000000e+09 -8.23471613e+01 
 1.22000000e+09 -8.10348023e+01 
 1.23000000e+09 -8.10041830e+01 
 1.24000000e+09 -8.04185327e+01 
 1.25000000e+09 -7.99083183e+01 
 1.26000000e+09 -7.95167967e+01 
 1.27000000e+09 -7.92929905e+01 
 1.28000000e+09 -7.87778752e+01 
 1.29000000e+09 -7.88213626e+01 
 1.30000000e+09 -7.58600836e+01 
 1.31000000e+09 -8.01858721e+01 
 1.32000000e+09 -7.69421424e+01 
 1.33000000e+09 -7.70757673e+01 
 1.34000000e+09 -7.70195624e+01 
 1.35000000e+09 -7.67086340e+01 
 1.36000000e+09 -7.62818553e+01 
 1.37000000e+09 -7.61233353e+01 
 1.38000000e+09 -7.43802568e+01 
 1.39000000e+09 -5.88723156e+01 
 1.40000000e+09 -5.41980875e+01 
 1.41000000e+09 -6.51650743e+01 
 1.42000000e+09 -7.29160352e+01 
 1.43000000e+09 -6.94950706e+01 
 1.44000000e+09 -6.57621883e+01 
 1.45000000e+09 -6.05239735e+01 
 1.46000000e+09 -5.32290131e+01 
 1.47000000e+09 -4.17872007e+01 
 1.48000000e+09 -9.84257588e+00 
 1.49000000e+09 -2.77560905e+00 
 1.50000000e+09 -7.67696892e+00 
 1.51000000e+09 -3.78135561e+01 
 1.52000000e+09 -5.04128111e+01 
 1.53000000e+09 -5.87608868e+01 
 1.54000000e+09 -6.49467963e+01 
 1.55000000e+09 -6.91549426e+01 
 1.56000000e+09 -7.16198038e+01 
 1.57000000e+09 -6.68391199e+01 
 1.58000000e+09 -5.46711152e+01 
 1.59000000e+09 -5.74832771e+01 
 1.60000000e+09 -6.86992835e+01 
 1.61000000e+09 -7.19182485e+01 
 1.62000000e+09 -7.26686340e+01 
 1.63000000e+09 -7.29698168e+01 
 1.64000000e+09 -7.32272636e+01 
 1.65000000e+09 -7.37132285e+01 
 1.66000000e+09 -7.42529564e+01 
 1.67000000e+09 -7.25884648e+01 
 1.68000000e+09 -7.73679398e+01 
 1.69000000e+09 -7.44296633e+01 
 1.70000000e+09 -7.53288303e+01 
 1.71000000e+09 -7.56484878e+01 
 1.72000000e+09 -7.61788954e+01 
 1.73000000e+09 -7.65411584e+01 
 1.74000000e+09 -7.68799406e+01 
 1.75000000e+09 -7.71767655e+01 
 1.76000000e+09 -7.77440825e+01 
 1.77000000e+09 -7.77047096e+01 
 1.78000000e+09 -7.83606871e+01 
 1.79000000e+09 -7.85549470e+01 
 1.80000000e+09 -7.89447314e+01 
 1.81000000e+09 -7.90718151e+01 
 1.82000000e+09 -7.92989631e+01 
 1.83000000e+09 -7.96970827e+01 
 1.84000000e+09 -7.97848597e+01 
 1.85000000e+09 -7.98014629e+01 
 1.86000000e+09 -8.05339648e+01 
 1.87000000e+09 -8.01061265e+01 
 1.88000000e+09 -8.04272174e+01 
 1.89000000e+09 -8.04764759e+01 
 1.90000000e+09 -8.07362191e+01 
 1.91000000e+09 -8.10332493e+01 
 1.92000000e+09 -8.06613958e+01 
 1.93000000e+09 -8.10552521e+01 
 1.94000000e+09 -8.13120572e+01 
 1.95000000e+09 -8.08694364e+01 
 1.96000000e+09 -8.16599139e+01 
 1.97000000e+09 -8.15357101e+01 
 1.98000000e+09 -8.16410174e+01 
 1.99000000e+09 -8.17722289e+01 
 2.00000000e+09 -8.14535935e+01 
 2.01000000e+09 -8.26044202e+01 
 2.02000000e+09 -8.20264616e+01 
 2.03000000e+09 -8.22368576e+01 
 2.04000000e+09 -8.25943643e+01 
 2.05000000e+09 -8.24646885e+01 
 2.06000000e+09 -8.26794659e+01 
 2.07000000e+09 -8.29938185e+01 
 2.08000000e+09 -8.37154623e+01 
 2.09000000e+09 -7.78360274e+01 
 2.10000000e+09 -9.76023898e+01 
 2.11000000e+09 -8.06153862e+01 
 2.12000000e+09 -8.32112488e+01 
 2.13000000e+09 -8.33573915e+01 
 2.14000000e+09 -8.38824773e+01 
 2.15000000e+09 -8.40377774e+01 
 2.16000000e+09 -8.40785277e+01 
 2.17000000e+09 -8.47812961e+01 
 2.18000000e+09 -5.52217599e+01 
 2.19000000e+09 -4.96582366e+01 
 2.20000000e+09 -5.54763437e+01 
 2.21000000e+09 -8.43945512e+01 
 2.22000000e+09 -8.46887392e+01 
 2.23000000e+09 -8.45628501e+01 
 2.24000000e+09 -8.44187358e+01 
 2.25000000e+09 -8.45399714e+01 
 2.26000000e+09 -8.09733209e+01 
 2.27000000e+09 -6.26882444e+01 
 2.28000000e+09 -5.36039081e+01 
 2.29000000e+09 -5.60275725e+01 
 2.30000000e+09 -7.99779779e+01 
 2.31000000e+09 -9.16813990e+01 
 2.32000000e+09 -8.74973535e+01 
 2.33000000e+09 -8.64649876e+01 
 2.34000000e+09 -8.56700501e+01 
 2.35000000e+09 -8.57185974e+01 
 2.36000000e+09 -8.38289065e+01 
 2.37000000e+09 -8.50119060e+01 
 2.38000000e+09 -7.84083358e+01 
 2.39000000e+09 -8.70065455e+01 
 2.40000000e+09 -8.62113158e+01 
 2.41000000e+09 -8.61517082e+01 
 2.42000000e+09 -8.63143817e+01 
 2.43000000e+09 -8.67720525e+01 
 2.44000000e+09 -8.63748275e+01 
 2.45000000e+09 -8.66387370e+01 
 2.46000000e+09 -8.67974051e+01 
 2.47000000e+09 -8.70163969e+01 
 2.48000000e+09 -8.65906588e+01 
 2.49000000e+09 -8.71548109e+01 
 2.50000000e+09 -8.71225693e+01 
 2.51000000e+09 -8.73934495e+01 
 2.52000000e+09 -8.70054351e+01 
 2.53000000e+09 -8.76895746e+01 
 2.54000000e+09 -8.74403283e+01 
 2.55000000e+09 -8.73667609e+01 
 2.56000000e+09 -8.83034201e+01 
 2.57000000e+09 -8.78865616e+01 
 2.58000000e+09 -8.77328400e+01 
 2.59000000e+09 -8.83052808e+01 
 2.60000000e+09 -8.81750612e+01 
 2.61000000e+09 -8.88641686e+01 
 2.62000000e+09 -8.81442495e+01 
 2.63000000e+09 -8.89187308e+01 
 2.64000000e+09 -8.88930722e+01 
 2.65000000e+09 -8.83797594e+01 
 2.66000000e+09 -8.91170408e+01 
 2.67000000e+09 -8.93475404e+01 
 2.68000000e+09 -8.89827299e+01 
 2.69000000e+09 -8.93327505e+01 
 2.70000000e+09 -8.90041957e+01 
 2.71000000e+09 -8.94775103e+01 
 2.72000000e+09 -8.90929929e+01 
 2.73000000e+09 -8.93913700e+01 
 2.74000000e+09 -8.92161641e+01 
 2.75000000e+09 -8.95371254e+01 
 2.76000000e+09 -8.89700383e+01 
 2.77000000e+09 -8.95008422e+01 
 2.78000000e+09 -8.95222134e+01 
 2.79000000e+09 -8.52503878e+01 
 2.80000000e+09 -9.71012699e+01 
 2.81000000e+09 -8.76517117e+01 
 2.82000000e+09 -8.86929287e+01 
 2.83000000e+09 -8.92959956e+01 
 2.84000000e+09 -8.90235622e+01 
 2.85000000e+09 -8.94885861e+01 
 2.86000000e+09 -8.92885686e+01 
 2.87000000e+09 -8.95726317e+01 
 2.88000000e+09 -6.88481307e+01 
 2.89000000e+09 -6.38581579e+01 
 2.90000000e+09 -7.22380897e+01 
 2.91000000e+09 -8.53499027e+01 
 2.92000000e+09 -8.13594359e+01 
 2.93000000e+09 -7.75220239e+01 
 2.94000000e+09 -7.20380143e+01 
 2.95000000e+09 -6.49613343e+01 
 2.96000000e+09 -5.41169226e+01 
 2.97000000e+09 -2.83979506e+01 
 2.98000000e+09 -2.01746474e+01 
 2.99000000e+09 -2.40452776e+01 
 3.00000000e+09 -4.82866677e+01 
 3.01000000e+09 -6.17103701e+01 
 3.02000000e+09 -7.04994004e+01 
 3.03000000e+09 -7.69356869e+01 
 3.04000000e+09 -8.15450704e+01 
 3.05000000e+09 -8.38633351e+01 
 3.06000000e+09 -8.14840319e+01 
 3.07000000e+09 -6.80271063e+01 
 3.08000000e+09 -7.01292976e+01 
 3.09000000e+09 -7.98254583e+01 
 3.10000000e+09 -8.36797563e+01 
 3.11000000e+09 -8.47329868e+01 
 3.12000000e+09 -8.47776050e+01 
 3.13000000e+09 -8.54309940e+01 
 3.14000000e+09 -8.54962445e+01 
 3.15000000e+09 -8.60124772e+01 
 3.16000000e+09 -8.66598849e+01 
 3.17000000e+09 -8.61090631e+01 
 3.18000000e+09 -8.68309552e+01 
 3.19000000e+09 -8.73269589e+01 
 3.20000000e+09 -8.73180472e+01 
 3.21000000e+09 -8.79871646e+01 
 3.22000000e+09 -8.77488041e+01 
 3.23000000e+09 -8.85289115e+01 
 3.24000000e+09 -8.83145994e+01 
 3.25000000e+09 -8.86521129e+01 
 3.26000000e+09 -8.91809679e+01 
 3.27000000e+09 -8.92762354e+01 
 3.28000000e+09 -8.91081954e+01 
 3.29000000e+09 -8.98140903e+01 
 3.30000000e+09 -8.93757959e+01 
 3.31000000e+09 -9.00531308e+01 
 3.32000000e+09 -8.98568937e+01 
 3.33000000e+09 -9.03732838e+01 
 3.34000000e+09 -9.01179887e+01 
 3.35000000e+09 -9.05845087e+01 
 3.36000000e+09 -9.00592009e+01 
 3.37000000e+09 -9.10061646e+01 
 3.38000000e+09 -9.03916876e+01 
 3.39000000e+09 -9.13051756e+01 
 3.40000000e+09 -9.06332029e+01 
 3.41000000e+09 -9.11130699e+01 
 3.42000000e+09 -9.09673978e+01 
 3.43000000e+09 -9.16671816e+01 
 3.44000000e+09 -9.09918325e+01 
 3.45000000e+09 -9.20706534e+01 
 3.46000000e+09 -9.13854611e+01 
 3.47000000e+09 -9.20727078e+01 
 3.48000000e+09 -9.15324077e+01 
 3.49000000e+09 -9.20315631e+01 
 3.50000000e+09 -9.22537093e+01 
 3.51000000e+09 -9.22328177e+01 
 3.52000000e+09 -9.20279137e+01 
 3.53000000e+09 -9.29382525e+01 
 3.54000000e+09 -9.21325359e+01 
 3.55000000e+09 -9.30682462e+01 
 3.56000000e+09 -9.26692332e+01 
 3.57000000e+09 -9.41359160e+01 
 3.58000000e+09 -8.29056957e+01 
 3.59000000e+09 -8.37565814e+01 
 3.60000000e+09 -8.56743760e+01 
 3.61000000e+09 -9.30578313e+01 
 3.62000000e+09 -9.26027335e+01 
 3.63000000e+09 -9.36846796e+01 
 3.64000000e+09 -9.21226347e+01 
 3.65000000e+09 -9.08308956e+01 
 3.66000000e+09 -8.46013290e+01 
 3.67000000e+09 -5.53693864e+01 
 3.68000000e+09 -4.84807517e+01 
 3.69000000e+09 -5.33897797e+01 
 3.70000000e+09 -8.44941467e+01 
 3.71000000e+09 -9.34787586e+01 
 3.72000000e+09 -9.34021318e+01 
 3.73000000e+09 -9.36058087e+01 
 3.74000000e+09 -9.11926574e+01 
 3.75000000e+09 -8.27486744e+01 
 3.76000000e+09 -6.36079668e+01 
 3.77000000e+09 -5.28716731e+01 
 3.78000000e+09 -5.46063506e+01 
 3.79000000e+09 -7.28546641e+01 
 3.80000000e+09 -9.11895127e+01 
 3.81000000e+09 -1.16910868e+02 
 3.82000000e+09 -1.01484908e+02 
 3.83000000e+09 -9.76503814e+01 
 3.84000000e+09 -9.67158910e+01 
 3.85000000e+09 -9.37842779e+01 
 3.86000000e+09 -8.77371492e+01 
 3.87000000e+09 -8.28239202e+01 
 3.88000000e+09 -9.92201711e+01 
 3.89000000e+09 -9.83758801e+01 
 3.90000000e+09 -9.69435646e+01 
 3.91000000e+09 -9.80636299e+01 
 3.92000000e+09 -9.82771461e+01 
 3.93000000e+09 -9.80577659e+01 
 3.94000000e+09 -9.75497788e+01 
 3.95000000e+09 -9.92917213e+01 
 3.96000000e+09 -9.79274704e+01 
 3.97000000e+09 -9.91546997e+01 
 3.98000000e+09 -9.85580224e+01 
 3.99000000e+09 -1.00244266e+02 
 4.00000000e+09 -9.95308836e+01 
 4.01000000e+09 -9.73457803e+01 
 4.02000000e+09 -1.00791381e+02 
 4.03000000e+09 -1.00450782e+02 
 4.04000000e+09 -9.88772656e+01 
 4.05000000e+09 -1.00467664e+02 
 4.06000000e+09 -9.99525788e+01 
 4.07000000e+09 -9.97946123e+01 
 4.08000000e+09 -9.95747775e+01 
 4.09000000e+09 -9.98256327e+01 
 4.10000000e+09 -1.00753645e+02 
 4.11000000e+09 -9.88537217e+01 
 4.12000000e+09 -9.90394894e+01 
 4.13000000e+09 -1.00637441e+02 
 4.14000000e+09 -9.93792551e+01 
 4.15000000e+09 -1.00105220e+02 
 4.16000000e+09 -9.89302113e+01 
 4.17000000e+09 -1.00201265e+02 
 4.18000000e+09 -9.78662221e+01 
 4.19000000e+09 -1.01445404e+02 
 4.20000000e+09 -9.69444792e+01 
 4.21000000e+09 -9.92023889e+01 
 4.22000000e+09 -9.79352598e+01 
 4.23000000e+09 -9.78603752e+01 
 4.24000000e+09 -9.73343083e+01 
 4.25000000e+09 -9.83900426e+01 
 4.26000000e+09 -9.64314158e+01 
 4.27000000e+09 -9.72639814e+01 
 4.28000000e+09 -9.19291856e+01 
 4.29000000e+09 -8.90277886e+01 
 4.30000000e+09 -9.53951702e+01 
 4.31000000e+09 -9.48612784e+01 
 4.32000000e+09 -9.35862679e+01 
 4.33000000e+09 -9.30251586e+01 
 4.34000000e+09 -9.06277855e+01 
 4.35000000e+09 -8.99278513e+01 
 4.36000000e+09 -8.75480189e+01 
 4.37000000e+09 -6.45653228e+01 
 4.38000000e+09 -5.76536659e+01 
 4.39000000e+09 -6.53558061e+01 
 4.40000000e+09 -7.89260407e+01 
 4.41000000e+09 -7.56166044e+01 
 4.42000000e+09 -7.15222321e+01 
 4.43000000e+09 -6.60784621e+01 
 4.44000000e+09 -5.89442234e+01 
 4.45000000e+09 -4.83994426e+01 
 4.46000000e+09 -2.60111419e+01 
 4.47000000e+09 -1.65428496e+01 
 4.48000000e+09 -1.94204700e+01 
 4.49000000e+09 -3.99262954e+01 
 4.50000000e+09 -5.38881716e+01 
 4.51000000e+09 -6.25639070e+01 
 4.52000000e+09 -6.89695175e+01 
 4.53000000e+09 -7.39848948e+01 
 4.54000000e+09 -7.86754739e+01 
 4.55000000e+09 -7.78409427e+01 
 4.56000000e+09 -5.94746372e+01 
 4.57000000e+09 -6.03851549e+01 
 4.58000000e+09 -7.14346186e+01 
 4.59000000e+09 -8.12083802e+01 
 4.60000000e+09 -8.39397913e+01 
 4.61000000e+09 -8.49276558e+01 
 4.62000000e+09 -8.53896460e+01 
 4.63000000e+09 -8.65895683e+01 
 4.64000000e+09 -8.75133400e+01 
 4.65000000e+09 -8.31714246e+01 
 4.66000000e+09 -1.12487586e+02 
 4.67000000e+09 -8.58919919e+01 
 4.68000000e+09 -8.88622755e+01 
 4.69000000e+09 -8.90601021e+01 
 4.70000000e+09 -9.02237631e+01 
 4.71000000e+09 -9.04323727e+01 
 4.72000000e+09 -9.06802831e+01 
 4.73000000e+09 -9.08082201e+01 
 4.74000000e+09 -9.19036753e+01 
 4.75000000e+09 -9.11070837e+01 
 4.76000000e+09 -9.24169191e+01 
 4.77000000e+09 -9.22637524e+01 
 4.78000000e+09 -9.28912666e+01 
 4.79000000e+09 -9.24723074e+01 
 4.80000000e+09 -9.26291887e+01 
 4.81000000e+09 -9.35434051e+01 
 4.82000000e+09 -9.31712424e+01 
 4.83000000e+09 -9.28441707e+01 
 4.84000000e+09 -9.49203124e+01 
 4.85000000e+09 -9.27888201e+01 
 4.86000000e+09 -9.37131593e+01 
 4.87000000e+09 -9.35504718e+01 
 4.88000000e+09 -9.42459553e+01 
 4.89000000e+09 -9.50915949e+01 
 4.90000000e+09 -9.29359023e+01 
 4.91000000e+09 -9.45269773e+01 
 4.92000000e+09 -9.50415161e+01 
 4.93000000e+09 -9.31157998e+01 
 4.94000000e+09 -9.62475815e+01 
 4.95000000e+09 -9.48213119e+01 
 4.96000000e+09 -9.50097273e+01 
 4.97000000e+09 -9.48611516e+01 
 4.98000000e+09 -9.41766409e+01 
 4.99000000e+09 -9.76595103e+01 
 5.00000000e+09 -9.47684404e+01 
 5.01000000e+09 -9.54868860e+01 
 5.02000000e+09 -9.65516960e+01 
 5.03000000e+09 -9.53681185e+01 
 5.04000000e+09 -9.59831389e+01 
 5.05000000e+09 -9.66885159e+01 
 5.06000000e+09 -9.77352925e+01 
 5.07000000e+09 -8.24037797e+01 
 5.08000000e+09 -8.11470485e+01 
 5.09000000e+09 -8.45364870e+01 
 5.10000000e+09 -9.50980449e+01 
 5.11000000e+09 -9.46211863e+01 
 5.12000000e+09 -9.49356971e+01 
 5.13000000e+09 -9.27635468e+01 
 5.14000000e+09 -8.86218475e+01 
 5.15000000e+09 -7.96910631e+01 
 5.16000000e+09 -5.42791579e+01 
 5.17000000e+09 -4.61382420e+01 
 5.18000000e+09 -5.00919584e+01 
 5.19000000e+09 -7.42991787e+01 
 5.20000000e+09 -8.59167100e+01 
 5.21000000e+09 -9.10218063e+01 
 5.22000000e+09 -9.24579348e+01 
 5.23000000e+09 -9.31310697e+01 
 5.24000000e+09 -8.77643663e+01 
 5.25000000e+09 -7.26182234e+01 
 5.26000000e+09 -6.08635442e+01 
 5.27000000e+09 -6.14992174e+01 
 5.28000000e+09 -7.78125399e+01 
 5.29000000e+09 -9.66992962e+01 
 5.30000000e+09 -1.01629216e+02 
 5.31000000e+09 -1.00958503e+02 
 5.32000000e+09 -9.89746920e+01 
 5.33000000e+09 -1.00663446e+02 
 5.34000000e+09 -9.86017712e+01 
 5.35000000e+09 -8.72810297e+01 
 5.36000000e+09 -8.54120447e+01 
 5.37000000e+09 -9.34118632e+01 
 5.38000000e+09 -9.91674790e+01 
 5.39000000e+09 -1.00214622e+02 
 5.40000000e+09 -1.00182142e+02 
 5.41000000e+09 -1.02899965e+02 
 5.42000000e+09 -9.99799463e+01 
 5.43000000e+09 -1.01599377e+02 
 5.44000000e+09 -1.01278354e+02 
 5.45000000e+09 -1.01808713e+02 
 5.46000000e+09 -1.00213554e+02 
 5.47000000e+09 -1.02716555e+02 
 5.48000000e+09 -1.01254434e+02 
 5.49000000e+09 -1.02526852e+02 
 5.50000000e+09 -1.00957144e+02 
 5.51000000e+09 -1.02857063e+02 
 5.52000000e+09 -1.01247395e+02 
 5.53000000e+09 -1.01843471e+02 
 5.54000000e+09 -1.03209684e+02 
 5.55000000e+09 -1.01900318e+02 
 5.56000000e+09 -1.01030637e+02 
 5.57000000e+09 -1.03628639e+02 
 5.58000000e+09 -1.02331095e+02 
 5.59000000e+09 -1.02132180e+02 
 5.60000000e+09 -1.02484539e+02 
 5.61000000e+09 -1.03498869e+02 
 5.62000000e+09 -1.01447245e+02 
 5.63000000e+09 -1.02171382e+02 
 5.64000000e+09 -1.01355994e+02 
 5.65000000e+09 -1.02647403e+02 
 5.66000000e+09 -1.00982433e+02 
 5.67000000e+09 -1.02344432e+02 
 5.68000000e+09 -1.01826352e+02 
 5.69000000e+09 -9.90900703e+01 
 5.70000000e+09 -1.01094454e+02 
 5.71000000e+09 -1.01646969e+02 
 5.72000000e+09 -9.95640228e+01 
 5.73000000e+09 -1.01730419e+02 
 5.74000000e+09 -1.00229987e+02 
 5.75000000e+09 -1.00621780e+02 
 5.76000000e+09 -9.99326534e+01 
 5.77000000e+09 -9.34917742e+01 
 5.78000000e+09 -9.77347556e+01 
 5.79000000e+09 -9.63196273e+01 
 5.80000000e+09 -9.82506067e+01 
 5.81000000e+09 -9.95120003e+01 
 5.82000000e+09 -9.67482710e+01 
 5.83000000e+09 -9.64370046e+01 
 5.84000000e+09 -9.59354479e+01 
 5.85000000e+09 -9.65233923e+01 
 5.86000000e+09 -7.19337300e+01 
 5.87000000e+09 -6.38156549e+01 
 5.88000000e+09 -7.03217626e+01 
 5.89000000e+09 -8.39222824e+01 
 5.90000000e+09 -8.19342888e+01 
 5.91000000e+09 -7.84959264e+01 
 5.92000000e+09 -7.33237955e+01 
 5.93000000e+09 -6.66069123e+01 
 5.94000000e+09 -5.65680773e+01 
 5.95000000e+09 -3.65694715e+01 
 5.96000000e+09 -2.57737929e+01 
 5.97000000e+09 -2.76691733e+01 
 5.98000000e+09 -4.54744696e+01 
 5.99000000e+09 -6.02896326e+01 
 6.00000000e+09 -6.91742444e+01 
 6.01000000e+09 -7.55251409e+01 
 6.02000000e+09 -8.04149720e+01 
 6.03000000e+09 -8.44618723e+01 
 6.04000000e+09 -8.95705771e+01 
 6.05000000e+09 -6.71807633e+01 
 6.06000000e+09 -6.74859999e+01 
 6.07000000e+09 -7.67432483e+01 
 6.08000000e+09 -8.71321600e+01 
 6.09000000e+09 -9.02609767e+01 
 6.10000000e+09 -9.11025756e+01 
 6.11000000e+09 -9.21353828e+01 
 6.12000000e+09 -9.29216122e+01 
 6.13000000e+09 -9.41370687e+01 
 6.14000000e+09 -9.20275048e+01 
 6.15000000e+09 -1.00151225e+02 
 6.16000000e+09 -9.38093617e+01 
 6.17000000e+09 -9.60606325e+01 
 6.18000000e+09 -9.58029096e+01 
 6.19000000e+09 -9.71614121e+01 
 6.20000000e+09 -9.70462447e+01 
 6.21000000e+09 -9.73472883e+01 
 6.22000000e+09 -9.70560669e+01 
 6.23000000e+09 -9.82412670e+01 
 6.24000000e+09 -9.76664576e+01 
 6.25000000e+09 -9.85800173e+01 
 6.26000000e+09 -9.82058904e+01 
 6.27000000e+09 -9.93012303e+01 
 6.28000000e+09 -9.80188785e+01 
 6.29000000e+09 -9.85571659e+01 
 6.30000000e+09 -9.94126324e+01 
 6.31000000e+09 -9.93908479e+01 
 6.32000000e+09 -9.86309082e+01 
 6.33000000e+09 -1.00673412e+02 
 6.34000000e+09 -9.83963360e+01 
 6.35000000e+09 -9.99688759e+01 
 6.36000000e+09 -9.91870235e+01 
 6.37000000e+09 -1.00846680e+02 
 6.38000000e+09 -1.00421784e+02 
 6.39000000e+09 -9.88844003e+01 
 6.40000000e+09 -1.00503885e+02 
 6.41000000e+09 -1.01354273e+02 
 6.42000000e+09 -9.88990286e+01 
 6.43000000e+09 -1.02572182e+02 
 6.44000000e+09 -1.00882435e+02 
 6.45000000e+09 -1.01248289e+02 
 6.46000000e+09 -1.00683003e+02 
 6.47000000e+09 -9.78948148e+01 
 6.48000000e+09 -1.13489585e+02 
 6.49000000e+09 -9.93794107e+01 
 6.50000000e+09 -1.00982039e+02 
 6.51000000e+09 -1.03352121e+02 
 6.52000000e+09 -1.00360301e+02 
 6.53000000e+09 -1.01669945e+02 
 6.54000000e+09 -1.02189776e+02 
 6.55000000e+09 -1.02665061e+02 
 6.56000000e+09 -9.05041205e+01 
 6.57000000e+09 -8.67966597e+01 
 6.58000000e+09 -9.18201139e+01 
 6.59000000e+09 -1.01585393e+02 
 6.60000000e+09 -1.00270439e+02 
 6.61000000e+09 -1.02574104e+02 
 6.62000000e+09 -9.88001107e+01 
 6.63000000e+09 -9.58769813e+01 
 6.64000000e+09 -8.60379809e+01 
 6.65000000e+09 -6.35175844e+01 
 6.66000000e+09 -5.40727024e+01 
 6.67000000e+09 -5.70746879e+01 
 6.68000000e+09 -7.73544439e+01 
 6.69000000e+09 -8.95832911e+01 
 6.70000000e+09 -9.44619722e+01 
 6.71000000e+09 -9.63409320e+01 
 6.72000000e+09 -9.58457786e+01 
 6.73000000e+09 -8.91644219e+01 
 6.74000000e+09 -7.41431076e+01 
 6.75000000e+09 -6.05226795e+01 
 6.76000000e+09 -6.03334633e+01 
 6.77000000e+09 -7.42053361e+01 
 6.78000000e+09 -9.19736044e+01 
 6.79000000e+09 -9.98896573e+01 
 6.80000000e+09 -1.03847706e+02 
 6.81000000e+09 -1.02162938e+02 
 6.82000000e+09 -1.05923163e+02 
 6.83000000e+09 -1.05667825e+02 
 6.84000000e+09 -8.98892155e+01 
 6.85000000e+09 -8.84437466e+01 
 6.86000000e+09 -9.47782673e+01 
 6.87000000e+09 -1.03296865e+02 
 6.88000000e+09 -1.04850677e+02 
 6.89000000e+09 -1.05241596e+02 
 6.90000000e+09 -1.09406978e+02 
 6.91000000e+09 -1.04365033e+02 
 6.92000000e+09 -1.07150110e+02 
 6.93000000e+09 -1.08791043e+02 
 6.94000000e+09 -1.03911265e+02 
 6.95000000e+09 -1.07343045e+02 
 6.96000000e+09 -1.09065114e+02 
 6.97000000e+09 -1.06740671e+02 
 6.98000000e+09 -1.08447996e+02 
 6.99000000e+09 -1.04928564e+02 
 7.00000000e+09 -1.09757351e+02 
 7.01000000e+09 -1.06395789e+02 
 7.02000000e+09 -1.06954898e+02 
 7.03000000e+09 -1.10091625e+02 
 7.04000000e+09 -1.07978927e+02 
 7.05000000e+09 -1.07680723e+02 
 7.06000000e+09 -1.11020615e+02 
 7.07000000e+09 -1.08241520e+02 
 7.08000000e+09 -1.09958297e+02 
 7.09000000e+09 -1.06322365e+02 
 7.10000000e+09 -1.13112755e+02 
 7.11000000e+09 -1.08628588e+02 
 7.12000000e+09 -1.08291483e+02 
 7.13000000e+09 -1.08771774e+02 
 7.14000000e+09 -1.13274520e+02 
 7.15000000e+09 -1.08977472e+02 
 7.16000000e+09 -1.15557997e+02 
 7.17000000e+09 -1.07781745e+02 
 7.18000000e+09 -1.06592730e+02 
 7.19000000e+09 -1.10427468e+02 
 7.20000000e+09 -1.14268653e+02 
 7.21000000e+09 -1.08441158e+02 
 7.22000000e+09 -1.14981842e+02 
 7.23000000e+09 -1.10904404e+02 
 7.24000000e+09 -1.11827123e+02 
 7.25000000e+09 -1.09793702e+02 
 7.26000000e+09 -9.88706248e+01 
 7.27000000e+09 -9.62109500e+01 
 7.28000000e+09 -1.02008573e+02 
 7.29000000e+09 -1.09714739e+02 
 7.30000000e+09 -1.11416967e+02 
 7.31000000e+09 -1.05841845e+02 
 7.32000000e+09 -1.04446545e+02 
 7.33000000e+09 -1.07981738e+02 
 7.34000000e+09 -1.14905398e+02 
 7.35000000e+09 -7.46699259e+01 
 7.36000000e+09 -6.57684649e+01 
 7.37000000e+09 -7.05982368e+01 
 7.38000000e+09 -8.64968220e+01 
 7.39000000e+09 -8.66509576e+01 
 7.40000000e+09 -8.35363388e+01 
 7.41000000e+09 -7.83424069e+01 
 7.42000000e+09 -7.17386532e+01 
 7.43000000e+09 -6.20873663e+01 
 7.44000000e+09 -4.38554602e+01 
 7.45000000e+09 -3.16040554e+01 
 7.46000000e+09 -3.25301060e+01 
 7.47000000e+09 -4.81607832e+01 
 7.48000000e+09 -6.39744893e+01 
 7.49000000e+09 -7.32265091e+01 
 7.50000000e+09 -7.97825405e+01 
 7.51000000e+09 -8.48945908e+01 
 7.52000000e+09 -8.88478916e+01 
 7.53000000e+09 -9.44412173e+01 
 7.54000000e+09 -7.08794361e+01 
 7.55000000e+09 -6.99373839e+01 
 7.56000000e+09 -7.85502148e+01 
 7.57000000e+09 -9.14048136e+01 
 7.58000000e+09 -9.49795766e+01 
 7.59000000e+09 -9.56227696e+01 
 7.60000000e+09 -9.59355097e+01 
 7.61000000e+09 -9.77999187e+01 
 7.62000000e+09 -9.85671343e+01 
 7.63000000e+09 -9.39845928e+01 
 7.64000000e+09 -1.07229798e+02 
 7.65000000e+09 -9.57071259e+01 
 7.66000000e+09 -9.97125211e+01 
 7.67000000e+09 -9.92282544e+01 
 7.68000000e+09 -1.01032274e+02 
 7.69000000e+09 -1.01333834e+02 
 7.70000000e+09 -9.98487297e+01 
 7.71000000e+09 -1.00508322e+02 
 7.72000000e+09 -1.02516458e+02 
 7.73000000e+09 -9.91164264e+01 
 7.74000000e+09 -1.02474804e+02 
 7.75000000e+09 -1.01636944e+02 
 7.76000000e+09 -1.02004138e+02 
 7.77000000e+09 -1.01078620e+02 
 7.78000000e+09 -1.00378694e+02 
 7.79000000e+09 -1.03534597e+02 
 7.80000000e+09 -1.01429960e+02 
 7.81000000e+09 -1.00973274e+02 
 7.82000000e+09 -1.04835776e+02 
 7.83000000e+09 -1.00438569e+02 
 7.84000000e+09 -1.01643977e+02 
 7.85000000e+09 -1.01892556e+02 
 7.86000000e+09 -1.02711474e+02 
 7.87000000e+09 -1.04672524e+02 
 7.88000000e+09 -9.94273731e+01 
 7.89000000e+09 -1.03554391e+02 
 7.90000000e+09 -1.02995401e+02 
 7.91000000e+09 -1.00278492e+02 
 7.92000000e+09 -1.05142028e+02 
 7.93000000e+09 -1.02827487e+02 
 7.94000000e+09 -1.02196377e+02 
 7.95000000e+09 -1.02085898e+02 
 7.96000000e+09 -1.01142279e+02 
 7.97000000e+09 -1.06697867e+02 
 7.98000000e+09 -1.00532442e+02 
 7.99000000e+09 -1.02700584e+02 
 8.00000000e+09 -1.03832093e+02 
 8.01000000e+09 -1.01004527e+02 
 8.02000000e+09 -1.01803979e+02 
 8.03000000e+09 -1.02532771e+02 
 8.04000000e+09 -1.00408210e+02 
 8.05000000e+09 -8.34558805e+01 
 8.06000000e+09 -7.85500808e+01 
 8.07000000e+09 -8.18817309e+01 
 8.08000000e+09 -9.93396861e+01 
 8.09000000e+09 -9.64309653e+01 
 8.10000000e+09 -9.47193774e+01 
 8.11000000e+09 -9.02028186e+01 
 8.12000000e+09 -8.38810125e+01 
 8.13000000e+09 -7.39186599e+01 
 8.14000000e+09 -5.38165933e+01 
 8.15000000e+09 -4.30958302e+01 
 8.16000000e+09 -4.50673911e+01 
 8.17000000e+09 -6.29659534e+01 
 8.18000000e+09 -7.74039105e+01 
 8.19000000e+09 -8.54982922e+01 
 8.20000000e+09 -9.04144678e+01 
 8.21000000e+09 -9.39125261e+01 
 8.22000000e+09 -9.24971168e+01 
 8.23000000e+09 -8.25516114e+01 
 8.24000000e+09 -6.81237421e+01 
 8.25000000e+09 -6.68163191e+01 
 8.26000000e+09 -7.92687696e+01 
 8.27000000e+09 -9.87172596e+01 
 8.28000000e+09 -1.04533762e+02 
 8.29000000e+09 -1.06162467e+02 
 8.30000000e+09 -1.04806459e+02 
 8.31000000e+09 -1.09637209e+02 
 8.32000000e+09 -1.08250609e+02 
 8.33000000e+09 -9.50469975e+01 
 8.34000000e+09 -9.34536126e+01 
 8.35000000e+09 -9.80557274e+01 
 8.36000000e+09 -1.06491614e+02 
 8.37000000e+09 -1.08555992e+02 
 8.38000000e+09 -1.07445975e+02 
 8.39000000e+09 -1.13714395e+02 
 8.40000000e+09 -1.06707899e+02 
 8.41000000e+09 -1.10805453e+02 
 8.42000000e+09 -1.10969848e+02 
 8.43000000e+09 -1.05105364e+02 
 8.44000000e+09 -1.09924581e+02 
 8.45000000e+09 -1.11811438e+02 
 8.46000000e+09 -1.08161219e+02 
 8.47000000e+09 -1.10979693e+02 
 8.48000000e+09 -1.07557291e+02 
 8.49000000e+09 -1.10658228e+02 
 8.50000000e+09 -1.08011416e+02 
 8.51000000e+09 -1.09870248e+02 
 8.52000000e+09 -1.10002341e+02 
 8.53000000e+09 -1.08328199e+02 
 8.54000000e+09 -1.08343924e+02 
 8.55000000e+09 -1.08737893e+02 
 8.56000000e+09 -1.09769370e+02 
 8.57000000e+09 -1.09073582e+02 
 8.58000000e+09 -1.10317354e+02 
 8.59000000e+09 -1.11100430e+02 
 8.60000000e+09 -1.08342501e+02 
 8.61000000e+09 -1.10741971e+02 
 8.62000000e+09 -1.08020981e+02 
 8.63000000e+09 -1.11206928e+02 
 8.64000000e+09 -1.08576725e+02 
 8.65000000e+09 -1.11998761e+02 
 8.66000000e+09 -1.10211794e+02 
 8.67000000e+09 -1.04982162e+02 
 8.68000000e+09 -1.10809690e+02 
 8.69000000e+09 -1.11632398e+02 
 8.70000000e+09 -1.07383029e+02 
 8.71000000e+09 -1.13482453e+02 
 8.72000000e+09 -1.08822088e+02 
 8.73000000e+09 -1.09639898e+02 
 8.74000000e+09 -1.08102057e+02 
 8.75000000e+09 -1.01582906e+02 
 8.76000000e+09 -1.01382972e+02 
 8.77000000e+09 -1.02114855e+02 
 8.78000000e+09 -1.07770855e+02 
 8.79000000e+09 -1.09848470e+02 
 8.80000000e+09 -1.05310052e+02 
 8.81000000e+09 -1.06274170e+02 
 8.82000000e+09 -1.06660092e+02 
 8.83000000e+09 -1.07428499e+02 
 8.84000000e+09 -8.18324781e+01 
 8.85000000e+09 -7.15473402e+01 
 8.86000000e+09 -7.53614765e+01 
 8.87000000e+09 -9.00869271e+01 
 8.88000000e+09 -9.24780245e+01 
 8.89000000e+09 -9.05210559e+01 
 8.90000000e+09 -8.57855279e+01 
 8.91000000e+09 -7.96918053e+01 
 8.92000000e+09 -7.04614402e+01 
 8.93000000e+09 -5.36701758e+01 
 8.94000000e+09 -3.97953732e+01 
 8.95000000e+09 -3.97606004e+01 
 8.96000000e+09 -5.35396466e+01 
 8.97000000e+09 -7.04648756e+01 
 8.98000000e+09 -7.98280499e+01 
 8.99000000e+09 -8.63259260e+01 
 9.00000000e+09 -9.11605186e+01 
 9.01000000e+09 -9.46880638e+01 
 9.02000000e+09 -1.02312369e+02 
 9.03000000e+09 -7.86621305e+01 
 9.04000000e+09 -7.70776052e+01 
 9.05000000e+09 -8.43398879e+01 
 9.06000000e+09 -9.85053138e+01 
 9.07000000e+09 -1.02561376e+02 
 9.08000000e+09 -1.03062056e+02 
 9.09000000e+09 -1.03710242e+02 
 9.10000000e+09 -1.05453781e+02 
 9.11000000e+09 -1.06580064e+02 
 9.12000000e+09 -1.03541606e+02 
 9.13000000e+09 -1.09988574e+02 
 9.14000000e+09 -1.05311082e+02 
 9.15000000e+09 -1.07599476e+02 
 9.16000000e+09 -1.06949049e+02 
 9.17000000e+09 -1.08649939e+02 
 9.18000000e+09 -1.09899377e+02 
 9.19000000e+09 -1.06901247e+02 
 9.20000000e+09 -1.08290169e+02 
 9.21000000e+09 -1.10748440e+02 
 9.22000000e+09 -1.05900901e+02 
 9.23000000e+09 -1.11617196e+02 
 9.24000000e+09 -1.09421853e+02 
 9.25000000e+09 -1.09966093e+02 
 9.26000000e+09 -1.08626241e+02 
 9.27000000e+09 -1.08252083e+02 
 9.28000000e+09 -1.12401740e+02 
 9.29000000e+09 -1.09612350e+02 
 9.30000000e+09 -1.09279569e+02 
 9.31000000e+09 -1.13072708e+02 
 9.32000000e+09 -1.09046199e+02 
 9.33000000e+09 -1.10236832e+02 
 9.34000000e+09 -1.10789775e+02 
 9.35000000e+09 -1.11772996e+02 
 9.36000000e+09 -1.13155466e+02 
 9.37000000e+09 -1.08298444e+02 
 9.38000000e+09 -1.13090268e+02 
 9.39000000e+09 -1.11848941e+02 
 9.40000000e+09 -1.09777990e+02 
 9.41000000e+09 -1.13508360e+02 
 9.42000000e+09 -1.12787376e+02 
 9.43000000e+09 -1.11217001e+02 
 9.44000000e+09 -1.11558578e+02 
 9.45000000e+09 -1.09682202e+02 
 9.46000000e+09 -1.22992860e+02 
 9.47000000e+09 -1.09169536e+02 
 9.48000000e+09 -1.12447021e+02 
 9.49000000e+09 -1.13314598e+02 
 9.50000000e+09 -1.10266395e+02 
 9.51000000e+09 -1.11182004e+02 
 9.52000000e+09 -1.12058615e+02 
 9.53000000e+09 -1.09219474e+02 
 9.54000000e+09 -9.48802285e+01 
 9.55000000e+09 -8.91321546e+01 
 9.56000000e+09 -9.15255953e+01 
 9.57000000e+09 -1.10812728e+02 
 9.58000000e+09 -1.07007212e+02 
 9.59000000e+09 -1.05209369e+02 
 9.60000000e+09 -1.00377432e+02 
 9.61000000e+09 -9.41278765e+01 
 9.62000000e+09 -8.43701181e+01 
 9.63000000e+09 -6.60012052e+01 
 9.64000000e+09 -5.38222577e+01 
 9.65000000e+09 -5.48268272e+01 
 9.66000000e+09 -7.05337448e+01 
 9.67000000e+09 -8.60301914e+01 
 9.68000000e+09 -9.46522182e+01 
 9.69000000e+09 -1.00278328e+02 
 9.70000000e+09 -1.04712341e+02 
 9.71000000e+09 -1.05508724e+02 
 9.72000000e+09 -9.94938789e+01 
 9.73000000e+09 -8.41231024e+01 
 9.74000000e+09 -8.17825517e+01 
 9.75000000e+09 -9.26939063e+01 
 9.76000000e+09 -1.12942402e+02 
 9.77000000e+09 -1.18085731e+02 
 9.78000000e+09 -1.19470229e+02 
 9.79000000e+09 -1.19039676e+02 
 9.80000000e+09 -1.24550488e+02 
 9.81000000e+09 -1.22823795e+02 
 9.82000000e+09 -1.12673984e+02 
 9.83000000e+09 -1.12187611e+02 
 9.84000000e+09 -1.14703983e+02 
 9.85000000e+09 -1.23480936e+02 
 9.86000000e+09 -1.25955318e+02 
 9.87000000e+09 -1.25747079e+02 
 9.88000000e+09 -1.29232326e+02 
 9.89000000e+09 -1.25104984e+02 
 9.90000000e+09 -1.29608270e+02 
 9.91000000e+09 -1.29244943e+02 
 9.92000000e+09 -1.24089811e+02 
 9.93000000e+09 -1.30224489e+02 
 9.94000000e+09 -1.32001221e+02 
 9.95000000e+09 -1.29178499e+02 
 9.96000000e+09 -1.32056102e+02 
 9.97000000e+09 -1.30379727e+02 
 9.98000000e+09 -1.32784727e+02 
 9.99000000e+09 -1.31578188e+02 
 1.00000000e+10 -1.35208165e+02 
 1.00100000e+10 -1.34725756e+02 
 1.00200000e+10 -1.32260799e+02 
 1.00300000e+10 -1.21029745e+02 
 1.00400000e+10 -1.19024849e+02 
