 0.00000000e+00 -3.70500812e+00 
 1.00000000e+07 -3.65712332e+00 
 2.00000000e+07 -5.37340215e+01 
 3.00000000e+07 -6.05835530e+01 
 4.00000000e+07 -6.45144065e+01 
 5.00000000e+07 -6.72015076e+01 
 6.00000000e+07 -6.91494943e+01 
 7.00000000e+07 -7.06091228e+01 
 8.00000000e+07 -7.17207216e+01 
 9.00000000e+07 -7.25457183e+01 
 1.00000000e+08 -7.31544318e+01 
 1.10000000e+08 -7.36165114e+01 
 1.20000000e+08 -7.39568612e+01 
 1.30000000e+08 -7.42075971e+01 
 1.40000000e+08 -7.44162751e+01 
 1.50000000e+08 -7.45966500e+01 
 1.60000000e+08 -7.47595744e+01 
 1.70000000e+08 -7.49344273e+01 
 1.80000000e+08 -7.51236832e+01 
 1.90000000e+08 -7.53201438e+01 
 2.00000000e+08 -7.55413355e+01 
 2.10000000e+08 -7.57895635e+01 
 2.20000000e+08 -7.60512385e+01 
 2.30000000e+08 -7.63374953e+01 
 2.40000000e+08 -7.66546938e+01 
 2.50000000e+08 -7.69885088e+01 
 2.60000000e+08 -7.73438536e+01 
 2.70000000e+08 -7.77257740e+01 
 2.80000000e+08 -7.81124339e+01 
 2.90000000e+08 -7.84968115e+01 
 3.00000000e+08 -7.88838485e+01 
 3.10000000e+08 -7.92510085e+01 
 3.20000000e+08 -7.95823047e+01 
 3.30000000e+08 -7.98855334e+01 
 3.40000000e+08 -8.01492415e+01 
 3.50000000e+08 -8.03603614e+01 
 3.60000000e+08 -8.05331020e+01 
 3.70000000e+08 -8.06676438e+01 
 3.80000000e+08 -8.07526571e+01 
 3.90000000e+08 -8.08064435e+01 
 4.00000000e+08 -8.08421490e+01 
 4.10000000e+08 -8.08486655e+01 
 4.20000000e+08 -8.08382562e+01 
 4.30000000e+08 -8.08315157e+01 
 4.40000000e+08 -8.08214619e+01 
 4.50000000e+08 -8.08126440e+01 
 4.60000000e+08 -8.08239179e+01 
 4.70000000e+08 -8.08455024e+01 
 4.80000000e+08 -8.08689621e+01 
 4.90000000e+08 -8.09091192e+01 
 5.00000000e+08 -8.09568180e+01 
 5.10000000e+08 -8.09882151e+01 
 5.20000000e+08 -8.10030583e+01 
 5.30000000e+08 -8.10866975e+01 
 5.40000000e+08 -8.11277591e+01 
 5.50000000e+08 -8.11294675e+01 
 5.60000000e+08 -8.11367930e+01 
 5.70000000e+08 -8.11209877e+01 
 5.80000000e+08 -8.10826856e+01 
 5.90000000e+08 -8.10327914e+01 
 6.00000000e+08 -8.09524501e+01 
 6.10000000e+08 -8.08338306e+01 
 6.20000000e+08 -8.06944490e+01 
 6.30000000e+08 -8.05296430e+01 
 6.40000000e+08 -8.03317789e+01 
 6.50000000e+08 -8.01198009e+01 
 6.60000000e+08 -7.98969582e+01 
 6.70000000e+08 -7.96530600e+01 
 6.80000000e+08 -7.94048698e+01 
 6.90000000e+08 -7.91620518e+01 
 7.00000000e+08 -7.89084092e+01 
 7.10000000e+08 -7.86491573e+01 
 7.20000000e+08 -7.84001796e+01 
 7.30000000e+08 -7.81532507e+01 
 7.40000000e+08 -7.79085163e+01 
 7.50000000e+08 -7.76787927e+01 
 7.60000000e+08 -7.74551751e+01 
 7.70000000e+08 -7.72325669e+01 
 7.80000000e+08 -7.70222179e+01 
 7.90000000e+08 -7.68087708e+01 
 8.00000000e+08 -7.65672592e+01 
 8.10000000e+08 -7.63003964e+01 
 8.20000000e+08 -7.60000385e+01 
 8.30000000e+08 -7.56373077e+01 
 8.40000000e+08 -7.52064362e+01 
 8.50000000e+08 -7.47067888e+01 
 8.60000000e+08 -7.41204026e+01 
 8.70000000e+08 -7.34507280e+01 
 8.80000000e+08 -7.27143781e+01 
 8.90000000e+08 -7.19024946e+01 
 9.00000000e+08 -7.10138355e+01 
 9.10000000e+08 -7.00720407e+01 
 9.20000000e+08 -6.90811729e+01 
 9.30000000e+08 -6.80307422e+01 
 9.40000000e+08 -6.69210472e+01 
 9.50000000e+08 -6.57352467e+01 
 9.60000000e+08 -6.44327277e+01 
 9.70000000e+08 -6.29511710e+01 
 9.80000000e+08 -6.11560879e+01 
 9.90000000e+08 -5.88435807e+01 
 1.00000000e+09 -5.57808048e+01 
 1.01000000e+09 -5.16595637e+01 
 1.02000000e+09 -4.60274632e+01 
 1.03000000e+09 -3.79175592e+01 
 1.04000000e+09 -2.37720866e+01 
 1.05000000e+09 -5.35121590e+00 
 1.06000000e+09 -3.28223327e+00 
 1.07000000e+09 -1.37831608e+01 
 1.08000000e+09 -3.46157263e+01 
 1.09000000e+09 -4.48038486e+01 
 1.10000000e+09 -5.11621603e+01 
 1.11000000e+09 -5.54802743e+01 
 1.12000000e+09 -5.86498513e+01 
 1.13000000e+09 -6.11417350e+01 
 1.14000000e+09 -6.31979915e+01 
 1.15000000e+09 -6.49116918e+01 
 1.16000000e+09 -6.63352150e+01 
 1.17000000e+09 -6.75159638e+01 
 1.18000000e+09 -6.84761405e+01 
 1.19000000e+09 -6.92420906e+01 
 1.20000000e+09 -6.98513405e+01 
 1.21000000e+09 -7.03248312e+01 
 1.22000000e+09 -7.06901277e+01 
 1.23000000e+09 -7.09913161e+01 
 1.24000000e+09 -7.12476634e+01 
 1.25000000e+09 -7.14646876e+01 
 1.26000000e+09 -7.16678133e+01 
 1.27000000e+09 -7.18733812e+01 
 1.28000000e+09 -7.20786944e+01 
 1.29000000e+09 -7.22940565e+01 
 1.30000000e+09 -7.25275087e+01 
 1.31000000e+09 -7.27679700e+01 
 1.32000000e+09 -7.30162027e+01 
 1.33000000e+09 -7.32791931e+01 
 1.34000000e+09 -7.35431531e+01 
 1.35000000e+09 -7.37998942e+01 
 1.36000000e+09 -7.40572579e+01 
 1.37000000e+09 -7.43088085e+01 
 1.38000000e+09 -7.45457445e+01 
 1.39000000e+09 -7.47745468e+01 
 1.40000000e+09 -7.49914219e+01 
 1.41000000e+09 -7.51870163e+01 
 1.42000000e+09 -7.53693714e+01 
 1.43000000e+09 -7.55396244e+01 
 1.44000000e+09 -7.56865849e+01 
 1.45000000e+09 -7.58178624e+01 
 1.46000000e+09 -7.59439951e+01 
 1.47000000e+09 -7.60580230e+01 
 1.48000000e+09 -7.61640804e+01 
 1.49000000e+09 -7.62748642e+01 
 1.50000000e+09 -7.63846588e+01 
 1.51000000e+09 -7.64915799e+01 
 1.52000000e+09 -7.66065891e+01 
 1.53000000e+09 -7.67236234e+01 
 1.54000000e+09 -7.68339754e+01 
 1.55000000e+09 -7.69474647e+01 
 1.56000000e+09 -7.70629561e+01 
 1.57000000e+09 -7.71674211e+01 
 1.58000000e+09 -7.72835202e+01 
 1.59000000e+09 -7.74379944e+01 
 1.60000000e+09 -7.75127407e+01 
 1.61000000e+09 -7.76107175e+01 
 1.62000000e+09 -7.77158604e+01 
 1.63000000e+09 -7.78107027e+01 
 1.64000000e+09 -7.78947431e+01 
 1.65000000e+09 -7.79793531e+01 
 1.66000000e+09 -7.80561641e+01 
 1.67000000e+09 -7.81221431e+01 
 1.68000000e+09 -7.81924524e+01 
 1.69000000e+09 -7.82645117e+01 
 1.70000000e+09 -7.83304432e+01 
 1.71000000e+09 -7.84024119e+01 
 1.72000000e+09 -7.84796994e+01 
 1.73000000e+09 -7.85483502e+01 
 1.74000000e+09 -7.86165712e+01 
 1.75000000e+09 -7.86889244e+01 
 1.76000000e+09 -7.87503061e+01 
 1.77000000e+09 -7.88058209e+01 
 1.78000000e+09 -7.88671884e+01 
 1.79000000e+09 -7.89212171e+01 
 1.80000000e+09 -7.89664200e+01 
 1.81000000e+09 -7.90160669e+01 
 1.82000000e+09 -7.90575108e+01 
 1.83000000e+09 -7.90817222e+01 
 1.84000000e+09 -7.91044139e+01 
 1.85000000e+09 -7.91189300e+01 
 1.86000000e+09 -7.91120646e+01 
 1.87000000e+09 -7.91045178e+01 
 1.88000000e+09 -7.91029066e+01 
 1.89000000e+09 -7.90904983e+01 
 1.90000000e+09 -7.90821033e+01 
 1.91000000e+09 -7.90904826e+01 
 1.92000000e+09 -7.90927756e+01 
 1.93000000e+09 -7.90909111e+01 
 1.94000000e+09 -7.90990782e+01 
 1.95000000e+09 -7.90873688e+01 
 1.96000000e+09 -7.90422548e+01 
 1.97000000e+09 -7.89833409e+01 
 1.98000000e+09 -7.88784952e+01 
 1.99000000e+09 -7.86801768e+01 
 2.00000000e+09 -7.83833490e+01 
 2.01000000e+09 -7.79381278e+01 
 2.02000000e+09 -7.72475669e+01 
 2.03000000e+09 -7.62506988e+01 
 2.04000000e+09 -7.48334534e+01 
 2.05000000e+09 -7.27763766e+01 
 2.06000000e+09 -6.98450815e+01 
 2.07000000e+09 -6.56759854e+01 
 2.08000000e+09 -5.96651194e+01 
 2.09000000e+09 -5.06187902e+01 
 2.10000000e+09 -3.22867987e+01 
 2.11000000e+09 -2.10411093e+01 
 2.12000000e+09 -2.26343592e+01 
 2.13000000e+09 -3.93731814e+01 
 2.14000000e+09 -5.49238488e+01 
 2.15000000e+09 -6.41418752e+01 
 2.16000000e+09 -6.96513647e+01 
 2.17000000e+09 -7.25968082e+01 
 2.18000000e+09 -7.43071468e+01 
 2.19000000e+09 -7.55075663e+01 
 2.20000000e+09 -7.64997487e+01 
 2.21000000e+09 -7.73955620e+01 
 2.22000000e+09 -7.81932270e+01 
 2.23000000e+09 -7.89068953e+01 
 2.24000000e+09 -7.95692118e+01 
 2.25000000e+09 -8.01626688e+01 
 2.26000000e+09 -8.06762541e+01 
 2.27000000e+09 -8.11298280e+01 
 2.28000000e+09 -8.15115225e+01 
 2.29000000e+09 -8.18135537e+01 
 2.30000000e+09 -8.20701551e+01 
 2.31000000e+09 -8.22884294e+01 
 2.32000000e+09 -8.24560654e+01 
 2.33000000e+09 -8.26023214e+01 
 2.34000000e+09 -8.27466353e+01 
 2.35000000e+09 -8.28730474e+01 
 2.36000000e+09 -8.29929018e+01 
 2.37000000e+09 -8.31219991e+01 
 2.38000000e+09 -8.32397522e+01 
 2.39000000e+09 -8.33485437e+01 
 2.40000000e+09 -8.34735155e+01 
 2.41000000e+09 -8.36012181e+01 
 2.42000000e+09 -8.37215120e+01 
 2.43000000e+09 -8.38589866e+01 
 2.44000000e+09 -8.40113091e+01 
 2.45000000e+09 -8.41601448e+01 
 2.46000000e+09 -8.43177509e+01 
 2.47000000e+09 -8.44817923e+01 
 2.48000000e+09 -8.46293707e+01 
 2.49000000e+09 -8.47721898e+01 
 2.50000000e+09 -8.49205434e+01 
 2.51000000e+09 -8.50524070e+01 
 2.52000000e+09 -8.51737833e+01 
 2.53000000e+09 -8.53071886e+01 
 2.54000000e+09 -8.54382698e+01 
 2.55000000e+09 -8.55618223e+01 
 2.56000000e+09 -8.56970213e+01 
 2.57000000e+09 -8.58300053e+01 
 2.58000000e+09 -8.59465822e+01 
 2.59000000e+09 -8.60708237e+01 
 2.60000000e+09 -8.62014193e+01 
 2.61000000e+09 -8.63172810e+01 
 2.62000000e+09 -8.64424773e+01 
 2.63000000e+09 -8.66009106e+01 
 2.64000000e+09 -8.68336676e+01 
 2.65000000e+09 -8.69165036e+01 
 2.66000000e+09 -8.71056936e+01 
 2.67000000e+09 -8.72928118e+01 
 2.68000000e+09 -8.74777200e+01 
 2.69000000e+09 -8.76834810e+01 
 2.70000000e+09 -8.78852317e+01 
 2.71000000e+09 -8.80680129e+01 
 2.72000000e+09 -8.82659845e+01 
 2.73000000e+09 -8.84757690e+01 
 2.74000000e+09 -8.86719698e+01 
 2.75000000e+09 -8.88779392e+01 
 2.76000000e+09 -8.90961448e+01 
 2.77000000e+09 -8.92906788e+01 
 2.78000000e+09 -8.94801451e+01 
 2.79000000e+09 -8.96858901e+01 
 2.80000000e+09 -8.98653687e+01 
 2.81000000e+09 -9.00218116e+01 
 2.82000000e+09 -9.02099341e+01 
 2.83000000e+09 -9.04185016e+01 
 2.84000000e+09 -9.06322820e+01 
 2.85000000e+09 -9.08943050e+01 
 2.86000000e+09 -9.11970824e+01 
 2.87000000e+09 -9.15063984e+01 
 2.88000000e+09 -9.18583764e+01 
 2.89000000e+09 -9.22381616e+01 
 2.90000000e+09 -9.25411139e+01 
 2.91000000e+09 -9.27506872e+01 
 2.92000000e+09 -9.28812445e+01 
 2.93000000e+09 -9.28208547e+01 
 2.94000000e+09 -9.24910156e+01 
 2.95000000e+09 -9.19511097e+01 
 2.96000000e+09 -9.12266179e+01 
 2.97000000e+09 -9.03254211e+01 
 2.98000000e+09 -8.93636986e+01 
 2.99000000e+09 -8.84125749e+01 
 3.00000000e+09 -8.74209629e+01 
 3.01000000e+09 -8.64135177e+01 
 3.02000000e+09 -8.54744656e+01 
 3.03000000e+09 -8.45810780e+01 
 3.04000000e+09 -8.37012982e+01 
 3.05000000e+09 -8.28674706e+01 
 3.06000000e+09 -8.20572593e+01 
 3.07000000e+09 -8.12244074e+01 
 3.08000000e+09 -8.03354183e+01 
 3.09000000e+09 -7.92193804e+01 
 3.10000000e+09 -7.76581884e+01 
 3.11000000e+09 -7.55758065e+01 
 3.12000000e+09 -7.28068887e+01 
 3.13000000e+09 -6.89288185e+01 
 3.14000000e+09 -6.32138168e+01 
 3.15000000e+09 -5.41219687e+01 
 3.16000000e+09 -2.20940671e+01 
 3.17000000e+09 -1.55847491e+01 
 3.18000000e+09 -2.10094643e+01 
 3.19000000e+09 -5.24672375e+01 
 3.20000000e+09 -6.50282170e+01 
 3.21000000e+09 -7.58442163e+01 
 3.22000000e+09 -8.24761272e+01 
 3.23000000e+09 -8.12047504e+01 
 3.24000000e+09 -7.99555905e+01 
 3.25000000e+09 -7.94391731e+01 
 3.26000000e+09 -7.92381769e+01 
 3.27000000e+09 -7.91482570e+01 
 3.28000000e+09 -7.91608544e+01 
 3.29000000e+09 -7.92482675e+01 
 3.30000000e+09 -7.93787085e+01 
 3.31000000e+09 -7.95714366e+01 
 3.32000000e+09 -7.98066111e+01 
 3.33000000e+09 -8.00515003e+01 
 3.34000000e+09 -8.03307613e+01 
 3.35000000e+09 -8.06408599e+01 
 3.36000000e+09 -8.09393970e+01 
 3.37000000e+09 -8.12401629e+01 
 3.38000000e+09 -8.15626639e+01 
 3.39000000e+09 -8.18773691e+01 
 3.40000000e+09 -8.21840073e+01 
 3.41000000e+09 -8.25005526e+01 
 3.42000000e+09 -8.27986755e+01 
 3.43000000e+09 -8.30668527e+01 
 3.44000000e+09 -8.33278847e+01 
 3.45000000e+09 -8.35632921e+01 
 3.46000000e+09 -8.37540911e+01 
 3.47000000e+09 -8.39301827e+01 
 3.48000000e+09 -8.40966840e+01 
 3.49000000e+09 -8.42358469e+01 
 3.50000000e+09 -8.43700882e+01 
 3.51000000e+09 -8.45108521e+01 
 3.52000000e+09 -8.46365576e+01 
 3.53000000e+09 -8.47590598e+01 
 3.54000000e+09 -8.48928736e+01 
 3.55000000e+09 -8.50126468e+01 
 3.56000000e+09 -8.51213378e+01 
 3.57000000e+09 -8.52455503e+01 
 3.58000000e+09 -8.53690463e+01 
 3.59000000e+09 -8.54830090e+01 
 3.60000000e+09 -8.56137881e+01 
 3.61000000e+09 -8.57527718e+01 
 3.62000000e+09 -8.58790813e+01 
 3.63000000e+09 -8.60101427e+01 
 3.64000000e+09 -8.61422545e+01 
 3.65000000e+09 -8.62490502e+01 
 3.66000000e+09 -8.63466526e+01 
 3.67000000e+09 -8.64463669e+01 
 3.68000000e+09 -8.65209878e+01 
 3.69000000e+09 -8.65704799e+01 
 3.70000000e+09 -8.67999725e+01 
 3.71000000e+09 -8.68068895e+01 
 3.72000000e+09 -8.68693692e+01 
 3.73000000e+09 -8.69556800e+01 
 3.74000000e+09 -8.70387085e+01 
 3.75000000e+09 -8.71026832e+01 
 3.76000000e+09 -8.71737164e+01 
 3.77000000e+09 -8.72452812e+01 
 3.78000000e+09 -8.72962373e+01 
 3.79000000e+09 -8.73537096e+01 
 3.80000000e+09 -8.74273278e+01 
 3.81000000e+09 -8.74888628e+01 
 3.82000000e+09 -8.75483667e+01 
 3.83000000e+09 -8.76186794e+01 
 3.84000000e+09 -8.76693695e+01 
 3.85000000e+09 -8.77010861e+01 
 3.86000000e+09 -8.77364014e+01 
 3.87000000e+09 -8.77505584e+01 
 3.88000000e+09 -8.77380753e+01 
 3.89000000e+09 -8.77381203e+01 
 3.90000000e+09 -8.77432975e+01 
 3.91000000e+09 -8.77320247e+01 
 3.92000000e+09 -8.77328570e+01 
 3.93000000e+09 -8.77465818e+01 
 3.94000000e+09 -8.77421493e+01 
 3.95000000e+09 -8.77382567e+01 
 3.96000000e+09 -8.77420533e+01 
 3.97000000e+09 -8.77147888e+01 
 3.98000000e+09 -8.76729359e+01 
 3.99000000e+09 -8.76497726e+01 
 4.00000000e+09 -8.76076850e+01 
 4.01000000e+09 -8.75326138e+01 
 4.02000000e+09 -8.74561108e+01 
 4.03000000e+09 -8.73464081e+01 
 4.04000000e+09 -8.71668746e+01 
 4.05000000e+09 -8.69416379e+01 
 4.06000000e+09 -8.66439007e+01 
 4.07000000e+09 -8.62263986e+01 
 4.08000000e+09 -8.57381244e+01 
 4.09000000e+09 -8.52034076e+01 
 4.10000000e+09 -8.45685880e+01 
 4.11000000e+09 -8.38505039e+01 
 4.12000000e+09 -8.30777408e+01 
 4.13000000e+09 -8.21719750e+01 
 4.14000000e+09 -8.10514804e+01 
 4.15000000e+09 -7.95829058e+01 
 4.16000000e+09 -7.75017142e+01 
 4.17000000e+09 -7.46511651e+01 
 4.18000000e+09 -7.09244883e+01 
 4.19000000e+09 -6.60811002e+01 
 4.20000000e+09 -5.94688410e+01 
 4.21000000e+09 -4.73379237e+01 
 4.22000000e+09 -2.70547296e+01 
 4.23000000e+09 -2.45215728e+01 
 4.24000000e+09 -3.42121671e+01 
 4.25000000e+09 -5.75681620e+01 
 4.26000000e+09 -6.83845410e+01 
 4.27000000e+09 -7.40165104e+01 
 4.28000000e+09 -7.75507214e+01 
 4.29000000e+09 -8.02396792e+01 
 4.30000000e+09 -8.24602111e+01 
 4.31000000e+09 -8.43393850e+01 
 4.32000000e+09 -8.59144111e+01 
 4.33000000e+09 -8.71575045e+01 
 4.34000000e+09 -8.80754730e+01 
 4.35000000e+09 -8.87566553e+01 
 4.36000000e+09 -8.92629949e+01 
 4.37000000e+09 -8.96161214e+01 
 4.38000000e+09 -8.98738874e+01 
 4.39000000e+09 -9.00825085e+01 
 4.40000000e+09 -9.02449759e+01 
 4.41000000e+09 -9.03936858e+01 
 4.42000000e+09 -9.05627337e+01 
 4.43000000e+09 -9.07366452e+01 
 4.44000000e+09 -9.09210586e+01 
 4.45000000e+09 -9.11460100e+01 
 4.46000000e+09 -9.13930762e+01 
 4.47000000e+09 -9.16412423e+01 
 4.48000000e+09 -9.19042282e+01 
 4.49000000e+09 -9.21609521e+01 
 4.50000000e+09 -9.23805013e+01 
 4.51000000e+09 -9.25872380e+01 
 4.52000000e+09 -9.27889305e+01 
 4.53000000e+09 -9.29545536e+01 
 4.54000000e+09 -9.30994890e+01 
 4.55000000e+09 -9.32522964e+01 
 4.56000000e+09 -9.33912399e+01 
 4.57000000e+09 -9.35098073e+01 
 4.58000000e+09 -9.36283039e+01 
 4.59000000e+09 -9.37272831e+01 
 4.60000000e+09 -9.37932299e+01 
 4.61000000e+09 -9.38567052e+01 
 4.62000000e+09 -9.39177726e+01 
 4.63000000e+09 -9.39593084e+01 
 4.64000000e+09 -9.40105453e+01 
 4.65000000e+09 -9.40870321e+01 
 4.66000000e+09 -9.41664125e+01 
 4.67000000e+09 -9.42579534e+01 
 4.68000000e+09 -9.43707266e+01 
 4.69000000e+09 -9.44686833e+01 
 4.70000000e+09 -9.45477744e+01 
 4.71000000e+09 -9.46351050e+01 
 4.72000000e+09 -9.47080697e+01 
 4.73000000e+09 -9.47502183e+01 
 4.74000000e+09 -9.48019712e+01 
 4.75000000e+09 -9.48770043e+01 
 4.76000000e+09 -9.50860384e+01 
 4.77000000e+09 -9.50408434e+01 
 4.78000000e+09 -9.51179787e+01 
 4.79000000e+09 -9.51644172e+01 
 4.80000000e+09 -9.51990288e+01 
 4.81000000e+09 -9.52398588e+01 
 4.82000000e+09 -9.52540457e+01 
 4.83000000e+09 -9.52447441e+01 
 4.84000000e+09 -9.52545949e+01 
 4.85000000e+09 -9.52742487e+01 
 4.86000000e+09 -9.52929950e+01 
 4.87000000e+09 -9.53417066e+01 
 4.88000000e+09 -9.54056223e+01 
 4.89000000e+09 -9.54507057e+01 
 4.90000000e+09 -9.55048903e+01 
 4.91000000e+09 -9.55689480e+01 
 4.92000000e+09 -9.55898516e+01 
 4.93000000e+09 -9.55832506e+01 
 4.94000000e+09 -9.55913055e+01 
 4.95000000e+09 -9.55868541e+01 
 4.96000000e+09 -9.55622355e+01 
 4.97000000e+09 -9.55482899e+01 
 4.98000000e+09 -9.55182193e+01 
 4.99000000e+09 -9.54507851e+01 
 5.00000000e+09 -9.53815710e+01 
 5.01000000e+09 -9.52856325e+01 
 5.02000000e+09 -9.51126832e+01 
 5.03000000e+09 -9.49126635e+01 
 5.04000000e+09 -9.47232209e+01 
 5.05000000e+09 -9.45068385e+01 
 5.06000000e+09 -9.42880794e+01 
 5.07000000e+09 -9.41127489e+01 
 5.08000000e+09 -9.39416571e+01 
 5.09000000e+09 -9.37719126e+01 
 5.10000000e+09 -9.36488926e+01 
 5.11000000e+09 -9.35067334e+01 
 5.12000000e+09 -9.32726397e+01 
 5.13000000e+09 -9.30017602e+01 
 5.14000000e+09 -9.26888224e+01 
 5.15000000e+09 -9.22282771e+01 
 5.16000000e+09 -9.15958038e+01 
 5.17000000e+09 -9.07732880e+01 
 5.18000000e+09 -8.96549979e+01 
 5.19000000e+09 -8.81820519e+01 
 5.20000000e+09 -8.62731690e+01 
 5.21000000e+09 -8.37141828e+01 
 5.22000000e+09 -8.04055536e+01 
 5.23000000e+09 -7.63537831e+01 
 5.24000000e+09 -7.14180868e+01 
 5.25000000e+09 -6.52985326e+01 
 5.26000000e+09 -5.70533810e+01 
 5.27000000e+09 -4.07113683e+01 
 5.28000000e+09 -2.84890065e+01 
 5.29000000e+09 -2.96439210e+01 
 5.30000000e+09 -4.51841162e+01 
 5.31000000e+09 -6.26611008e+01 
 5.32000000e+09 -7.33422204e+01 
 5.33000000e+09 -7.88558653e+01 
 5.34000000e+09 -8.14582090e+01 
 5.35000000e+09 -8.30826578e+01 
 5.36000000e+09 -8.43817989e+01 
 5.37000000e+09 -8.55283671e+01 
 5.38000000e+09 -8.64964312e+01 
 5.39000000e+09 -8.73413717e+01 
 5.40000000e+09 -8.81464776e+01 
 5.41000000e+09 -8.88992076e+01 
 5.42000000e+09 -8.96018744e+01 
 5.43000000e+09 -9.02770857e+01 
 5.44000000e+09 -9.08835043e+01 
 5.45000000e+09 -9.14066244e+01 
 5.46000000e+09 -9.18799079e+01 
 5.47000000e+09 -9.22727716e+01 
 5.48000000e+09 -9.25630117e+01 
 5.49000000e+09 -9.28147204e+01 
 5.50000000e+09 -9.30486828e+01 
 5.51000000e+09 -9.32348426e+01 
 5.52000000e+09 -9.34061703e+01 
 5.53000000e+09 -9.35896023e+01 
 5.54000000e+09 -9.37500849e+01 
 5.55000000e+09 -9.38933625e+01 
 5.56000000e+09 -9.40438115e+01 
 5.57000000e+09 -9.41686964e+01 
 5.58000000e+09 -9.42696805e+01 
 5.59000000e+09 -9.43939280e+01 
 5.60000000e+09 -9.45275207e+01 
 5.61000000e+09 -9.46506077e+01 
 5.62000000e+09 -9.47980485e+01 
 5.63000000e+09 -9.49652121e+01 
 5.64000000e+09 -9.51155460e+01 
 5.65000000e+09 -9.52619579e+01 
 5.66000000e+09 -9.54025068e+01 
 5.67000000e+09 -9.55018339e+01 
 5.68000000e+09 -9.55815722e+01 
 5.69000000e+09 -9.56695556e+01 
 5.70000000e+09 -9.57377212e+01 
 5.71000000e+09 -9.57922882e+01 
 5.72000000e+09 -9.58712754e+01 
 5.73000000e+09 -9.59563636e+01 
 5.74000000e+09 -9.60279256e+01 
 5.75000000e+09 -9.61046887e+01 
 5.76000000e+09 -9.61700209e+01 
 5.77000000e+09 -9.62039436e+01 
 5.78000000e+09 -9.62361733e+01 
 5.79000000e+09 -9.62632853e+01 
 5.80000000e+09 -9.62501371e+01 
 5.81000000e+09 -9.63065326e+01 
 5.82000000e+09 -9.65233428e+01 
 5.83000000e+09 -9.64856413e+01 
 5.84000000e+09 -9.65356755e+01 
 5.85000000e+09 -9.65975136e+01 
 5.86000000e+09 -9.66383021e+01 
 5.87000000e+09 -9.66528035e+01 
 5.88000000e+09 -9.66662322e+01 
 5.89000000e+09 -9.66604101e+01 
 5.90000000e+09 -9.66277109e+01 
 5.91000000e+09 -9.66103121e+01 
 5.92000000e+09 -9.66124221e+01 
 5.93000000e+09 -9.66085659e+01 
 5.94000000e+09 -9.66116624e+01 
 5.95000000e+09 -9.66218977e+01 
 5.96000000e+09 -9.66127475e+01 
 5.97000000e+09 -9.65960719e+01 
 5.98000000e+09 -9.65783174e+01 
 5.99000000e+09 -9.65298598e+01 
 6.00000000e+09 -9.64693748e+01 
 6.01000000e+09 -9.64378142e+01 
 6.02000000e+09 -9.64147233e+01 
 6.03000000e+09 -9.63813050e+01 
 6.04000000e+09 -9.63572330e+01 
 6.05000000e+09 -9.63280818e+01 
 6.06000000e+09 -9.62678200e+01 
 6.07000000e+09 -9.61842242e+01 
 6.08000000e+09 -9.60605460e+01 
 6.09000000e+09 -9.58757493e+01 
 6.10000000e+09 -9.56695930e+01 
 6.11000000e+09 -9.54666215e+01 
 6.12000000e+09 -9.52423137e+01 
 6.13000000e+09 -9.50072184e+01 
 6.14000000e+09 -9.47849381e+01 
 6.15000000e+09 -9.45572186e+01 
 6.16000000e+09 -9.43218225e+01 
 6.17000000e+09 -9.40830755e+01 
 6.18000000e+09 -9.38034820e+01 
 6.19000000e+09 -9.34970120e+01 
 6.20000000e+09 -9.32325703e+01 
 6.21000000e+09 -9.29991490e+01 
 6.22000000e+09 -9.27589059e+01 
 6.23000000e+09 -9.25421094e+01 
 6.24000000e+09 -9.23223150e+01 
 6.25000000e+09 -9.19488108e+01 
 6.26000000e+09 -9.11764596e+01 
 6.27000000e+09 -8.96470116e+01 
 6.28000000e+09 -8.71648375e+01 
 6.29000000e+09 -8.37432103e+01 
 6.30000000e+09 -7.91844450e+01 
 6.31000000e+09 -7.29774914e+01 
 6.32000000e+09 -6.38954481e+01 
 6.33000000e+09 -3.80333935e+01 
 6.34000000e+09 -3.09573782e+01 
 6.35000000e+09 -3.57988926e+01 
 6.36000000e+09 -6.18336987e+01 
 6.37000000e+09 -7.46067154e+01 
 6.38000000e+09 -8.50142931e+01 
 6.39000000e+09 -9.65489934e+01 
 6.40000000e+09 -1.12309079e+02 
 6.41000000e+09 -1.00488883e+02 
 6.42000000e+09 -9.78511611e+01 
 6.43000000e+09 -9.69152516e+01 
 6.44000000e+09 -9.66187009e+01 
 6.45000000e+09 -9.66824638e+01 
 6.46000000e+09 -9.69418460e+01 
 6.47000000e+09 -9.73442260e+01 
 6.48000000e+09 -9.78861918e+01 
 6.49000000e+09 -9.84736725e+01 
 6.50000000e+09 -9.90469577e+01 
 6.51000000e+09 -9.96460024e+01 
 6.52000000e+09 -1.00241371e+02 
 6.53000000e+09 -1.00774653e+02 
 6.54000000e+09 -1.01289705e+02 
 6.55000000e+09 -1.01805876e+02 
 6.56000000e+09 -1.02270800e+02 
 6.57000000e+09 -1.02693212e+02 
 6.58000000e+09 -1.03090765e+02 
 6.59000000e+09 -1.03406297e+02 
 6.60000000e+09 -1.03629708e+02 
 6.61000000e+09 -1.03799756e+02 
 6.62000000e+09 -1.03885451e+02 
 6.63000000e+09 -1.03887389e+02 
 6.64000000e+09 -1.03888969e+02 
 6.65000000e+09 -1.03900862e+02 
 6.66000000e+09 -1.03900615e+02 
 6.67000000e+09 -1.03946436e+02 
 6.68000000e+09 -1.04051787e+02 
 6.69000000e+09 -1.04153428e+02 
 6.70000000e+09 -1.04260060e+02 
 6.71000000e+09 -1.04387376e+02 
 6.72000000e+09 -1.04466449e+02 
 6.73000000e+09 -1.04497093e+02 
 6.74000000e+09 -1.04543117e+02 
 6.75000000e+09 -1.04578484e+02 
 6.76000000e+09 -1.04586708e+02 
 6.77000000e+09 -1.04628672e+02 
 6.78000000e+09 -1.04695846e+02 
 6.79000000e+09 -1.04743843e+02 
 6.80000000e+09 -1.04800549e+02 
 6.81000000e+09 -1.04849218e+02 
 6.82000000e+09 -1.04826809e+02 
 6.83000000e+09 -1.04774941e+02 
 6.84000000e+09 -1.04729812e+02 
 6.85000000e+09 -1.04642339e+02 
 6.86000000e+09 -1.04468037e+02 
 6.87000000e+09 -1.04673458e+02 
 6.88000000e+09 -1.04644484e+02 
 6.89000000e+09 -1.04599811e+02 
 6.90000000e+09 -1.04660411e+02 
 6.91000000e+09 -1.04712638e+02 
 6.92000000e+09 -1.04707086e+02 
 6.93000000e+09 -1.04700778e+02 
 6.94000000e+09 -1.04689826e+02 
 6.95000000e+09 -1.04619187e+02 
 6.96000000e+09 -1.04550296e+02 
 6.97000000e+09 -1.04527059e+02 
 6.98000000e+09 -1.04497047e+02 
 6.99000000e+09 -1.04478469e+02 
 7.00000000e+09 -1.04500355e+02 
 7.01000000e+09 -1.04486408e+02 
 7.02000000e+09 -1.04429824e+02 
 7.03000000e+09 -1.04390642e+02 
 7.04000000e+09 -1.04306731e+02 
 7.05000000e+09 -1.04150909e+02 
 7.06000000e+09 -1.04030481e+02 
 7.07000000e+09 -1.03950845e+02 
 7.08000000e+09 -1.03857268e+02 
 7.09000000e+09 -1.03811018e+02 
 7.10000000e+09 -1.03819343e+02 
 7.11000000e+09 -1.03795519e+02 
 7.12000000e+09 -1.03768085e+02 
 7.13000000e+09 -1.03757913e+02 
 7.14000000e+09 -1.03662251e+02 
 7.15000000e+09 -1.03505746e+02 
 7.16000000e+09 -1.03385326e+02 
 7.17000000e+09 -1.03242627e+02 
 7.18000000e+09 -1.03062008e+02 
 7.19000000e+09 -1.02929954e+02 
 7.20000000e+09 -1.02786835e+02 
 7.21000000e+09 -1.02563476e+02 
 7.22000000e+09 -1.02340367e+02 
 7.23000000e+09 -1.02062062e+02 
 7.24000000e+09 -1.01604689e+02 
 7.25000000e+09 -1.01093743e+02 
 7.26000000e+09 -1.00605360e+02 
 7.27000000e+09 -1.00033419e+02 
 7.28000000e+09 -9.94434130e+01 
 7.29000000e+09 -9.89071566e+01 
 7.30000000e+09 -9.82485605e+01 
 7.31000000e+09 -9.73340656e+01 
 7.32000000e+09 -9.59323147e+01 
 7.33000000e+09 -9.36493212e+01 
 7.34000000e+09 -9.05881270e+01 
 7.35000000e+09 -8.69294175e+01 
 7.36000000e+09 -8.26397885e+01 
 7.37000000e+09 -7.73344798e+01 
 7.38000000e+09 -6.62994215e+01 
 7.39000000e+09 -4.31500382e+01 
 7.40000000e+09 -3.99473096e+01 
 7.41000000e+09 -4.89662453e+01 
 7.42000000e+09 -7.31969238e+01 
 7.43000000e+09 -8.26795179e+01 
 7.44000000e+09 -8.91500243e+01 
 7.45000000e+09 -9.44124554e+01 
 7.46000000e+09 -9.87210726e+01 
 7.47000000e+09 -1.01972152e+02 
 7.48000000e+09 -1.04166450e+02 
 7.49000000e+09 -1.05571699e+02 
 7.50000000e+09 -1.06288190e+02 
 7.51000000e+09 -1.06537774e+02 
 7.52000000e+09 -1.06733034e+02 
 7.53000000e+09 -1.06954602e+02 
 7.54000000e+09 -1.07102522e+02 
 7.55000000e+09 -1.07306769e+02 
 7.56000000e+09 -1.07610757e+02 
 7.57000000e+09 -1.07837101e+02 
 7.58000000e+09 -1.08007461e+02 
 7.59000000e+09 -1.08206413e+02 
 7.60000000e+09 -1.08340301e+02 
 7.61000000e+09 -1.08470454e+02 
 7.62000000e+09 -1.08741281e+02 
 7.63000000e+09 -1.09054524e+02 
 7.64000000e+09 -1.09331890e+02 
 7.65000000e+09 -1.09681198e+02 
 7.66000000e+09 -1.10053955e+02 
 7.67000000e+09 -1.10294837e+02 
 7.68000000e+09 -1.10444491e+02 
 7.69000000e+09 -1.10530477e+02 
 7.70000000e+09 -1.10490453e+02 
 7.71000000e+09 -1.10423893e+02 
 7.72000000e+09 -1.10419191e+02 
 7.73000000e+09 -1.10403878e+02 
 7.74000000e+09 -1.10404060e+02 
 7.75000000e+09 -1.10511849e+02 
 7.76000000e+09 -1.10644033e+02 
 7.77000000e+09 -1.10715747e+02 
 7.78000000e+09 -1.10777304e+02 
 7.79000000e+09 -1.10798064e+02 
 7.80000000e+09 -1.10734346e+02 
 7.81000000e+09 -1.10684585e+02 
 7.82000000e+09 -1.10677945e+02 
 7.83000000e+09 -1.10657901e+02 
 7.84000000e+09 -1.10685996e+02 
 7.85000000e+09 -1.10812867e+02 
 7.86000000e+09 -1.10944528e+02 
 7.87000000e+09 -1.11029507e+02 
 7.88000000e+09 -1.11091329e+02 
 7.89000000e+09 -1.11083942e+02 
 7.90000000e+09 -1.10988515e+02 
 7.91000000e+09 -1.10843390e+02 
 7.92000000e+09 -1.10585495e+02 
 7.93000000e+09 -1.10683861e+02 
 7.94000000e+09 -1.10707570e+02 
 7.95000000e+09 -1.10730554e+02 
 7.96000000e+09 -1.10778191e+02 
 7.97000000e+09 -1.10817482e+02 
 7.98000000e+09 -1.10854909e+02 
 7.99000000e+09 -1.10833620e+02 
 8.00000000e+09 -1.10753012e+02 
 8.01000000e+09 -1.10660544e+02 
 8.02000000e+09 -1.10551992e+02 
 8.03000000e+09 -1.10451254e+02 
 8.04000000e+09 -1.10427388e+02 
 8.05000000e+09 -1.10466653e+02 
 8.06000000e+09 -1.10501828e+02 
 8.07000000e+09 -1.10527622e+02 
 8.08000000e+09 -1.10542346e+02 
 8.09000000e+09 -1.10491570e+02 
 8.10000000e+09 -1.10356176e+02 
 8.11000000e+09 -1.10164477e+02 
 8.12000000e+09 -1.09940460e+02 
 8.13000000e+09 -1.09733093e+02 
 8.14000000e+09 -1.09589366e+02 
 8.15000000e+09 -1.09482861e+02 
 8.16000000e+09 -1.09381232e+02 
 8.17000000e+09 -1.09309389e+02 
 8.18000000e+09 -1.09245027e+02 
 8.19000000e+09 -1.09106152e+02 
 8.20000000e+09 -1.08895795e+02 
 8.21000000e+09 -1.08669012e+02 
 8.22000000e+09 -1.08433531e+02 
 8.23000000e+09 -1.08231143e+02 
 8.24000000e+09 -1.08123548e+02 
 8.25000000e+09 -1.08070500e+02 
 8.26000000e+09 -1.08025563e+02 
 8.27000000e+09 -1.08025472e+02 
 8.28000000e+09 -1.08009793e+02 
 8.29000000e+09 -1.07824254e+02 
 8.30000000e+09 -1.07473411e+02 
 8.31000000e+09 -1.07027664e+02 
 8.32000000e+09 -1.06463560e+02 
 8.33000000e+09 -1.05801369e+02 
 8.34000000e+09 -1.05059175e+02 
 8.35000000e+09 -1.04122374e+02 
 8.36000000e+09 -1.02865781e+02 
 8.37000000e+09 -1.01015047e+02 
 8.38000000e+09 -9.80908546e+01 
 8.39000000e+09 -9.41288552e+01 
 8.40000000e+09 -8.94706048e+01 
 8.41000000e+09 -8.41694774e+01 
 8.42000000e+09 -7.80278691e+01 
 8.43000000e+09 -7.01753821e+01 
 8.44000000e+09 -5.51431922e+01 
 8.45000000e+09 -4.20029733e+01 
 8.46000000e+09 -4.25884250e+01 
 8.47000000e+09 -5.68084060e+01 
 8.48000000e+09 -7.43784934e+01 
 8.49000000e+09 -8.48572396e+01 
 8.50000000e+09 -9.21274090e+01 
 8.51000000e+09 -9.74127897e+01 
 8.52000000e+09 -1.00879768e+02 
 8.53000000e+09 -1.03010927e+02 
 8.54000000e+09 -1.04647489e+02 
 8.55000000e+09 -1.05976664e+02 
 8.56000000e+09 -1.07276765e+02 
 8.57000000e+09 -1.08829226e+02 
 8.58000000e+09 -1.10461886e+02 
 8.59000000e+09 -1.12128043e+02 
 8.60000000e+09 -1.13953113e+02 
 8.61000000e+09 -1.15581759e+02 
 8.62000000e+09 -1.16852652e+02 
 8.63000000e+09 -1.18132159e+02 
 8.64000000e+09 -1.19186512e+02 
 8.65000000e+09 -1.19746236e+02 
 8.66000000e+09 -1.20352173e+02 
 8.67000000e+09 -1.21163300e+02 
 8.68000000e+09 -1.21736494e+02 
 8.69000000e+09 -1.22264331e+02 
 8.70000000e+09 -1.23146721e+02 
 8.71000000e+09 -1.23833304e+02 
 8.72000000e+09 -1.24117037e+02 
 8.73000000e+09 -1.24596738e+02 
 8.74000000e+09 -1.24864649e+02 
 8.75000000e+09 -1.24741024e+02 
 8.76000000e+09 -1.25100875e+02 
 8.77000000e+09 -1.25877414e+02 
 8.78000000e+09 -1.26440390e+02 
 8.79000000e+09 -1.27256260e+02 
 8.80000000e+09 -1.28666544e+02 
 8.81000000e+09 -1.29705688e+02 
 8.82000000e+09 -1.30147859e+02 
 8.83000000e+09 -1.30835899e+02 
 8.84000000e+09 -1.30906959e+02 
 8.85000000e+09 -1.29861256e+02 
 8.86000000e+09 -1.29164838e+02 
 8.87000000e+09 -1.28807588e+02 
 8.88000000e+09 -1.28073730e+02 
 8.89000000e+09 -1.27629872e+02 
 8.90000000e+09 -1.27872995e+02 
 8.91000000e+09 -1.28036291e+02 
 8.92000000e+09 -1.28087232e+02 
 8.93000000e+09 -1.28612775e+02 
 8.94000000e+09 -1.28784983e+02 
 8.95000000e+09 -1.28240230e+02 
 8.96000000e+09 -1.28098610e+02 
 8.97000000e+09 -1.29075956e+02 
 8.98000000e+09 -1.24857448e+02 
 8.99000000e+09 -1.25810499e+02 
 9.00000000e+09 -1.26361791e+02 
 9.01000000e+09 -1.26266033e+02 
 9.02000000e+09 -1.26289827e+02 
 9.03000000e+09 -1.26741594e+02 
 9.04000000e+09 -1.26807415e+02 
 9.05000000e+09 -1.26409375e+02 
 9.06000000e+09 -1.26270985e+02 
 9.07000000e+09 -1.25906851e+02 
 9.08000000e+09 -1.25206041e+02 
 9.09000000e+09 -1.24940349e+02 
 9.10000000e+09 -1.24913703e+02 
 9.11000000e+09 -1.24711085e+02 
 9.12000000e+09 -1.24839843e+02 
 9.13000000e+09 -1.25267546e+02 
 9.14000000e+09 -1.25245120e+02 
 9.15000000e+09 -1.25129693e+02 
 9.16000000e+09 -1.25203331e+02 
 9.17000000e+09 -1.24758404e+02 
 9.18000000e+09 -1.24141814e+02 
 9.19000000e+09 -1.23956694e+02 
 9.20000000e+09 -1.23710442e+02 
 9.21000000e+09 -1.23330574e+02 
 9.22000000e+09 -1.23399563e+02 
 9.23000000e+09 -1.23567244e+02 
 9.24000000e+09 -1.23327128e+02 
 9.25000000e+09 -1.23229348e+02 
 9.26000000e+09 -1.23158792e+02 
 9.27000000e+09 -1.22543942e+02 
 9.28000000e+09 -1.22027208e+02 
 9.29000000e+09 -1.21831005e+02 
 9.30000000e+09 -1.21452844e+02 
 9.31000000e+09 -1.21270941e+02 
 9.32000000e+09 -1.21618118e+02 
 9.33000000e+09 -1.21823497e+02 
 9.34000000e+09 -1.21876126e+02 
 9.35000000e+09 -1.22320669e+02 
 9.36000000e+09 -1.22413251e+02 
 9.37000000e+09 -1.21907224e+02 
 9.38000000e+09 -1.21707273e+02 
 9.39000000e+09 -1.21428398e+02 
 9.40000000e+09 -1.20551387e+02 
 9.41000000e+09 -1.19821283e+02 
 9.42000000e+09 -1.19307159e+02 
 9.43000000e+09 -1.18204971e+02 
 9.44000000e+09 -1.16926963e+02 
 9.45000000e+09 -1.16009177e+02 
 9.46000000e+09 -1.13690884e+02 
 9.47000000e+09 -1.08658695e+02 
 9.48000000e+09 -1.00918472e+02 
 9.49000000e+09 -8.86184432e+01 
 9.50000000e+09 -6.01735695e+01 
 9.51000000e+09 -5.20186348e+01 
 9.52000000e+09 -5.57188654e+01 
 9.53000000e+09 -8.08208876e+01 
 9.54000000e+09 -8.90243949e+01 
 9.55000000e+09 -9.39048145e+01 
 9.56000000e+09 -9.83736110e+01 
 9.57000000e+09 -1.02530636e+02 
 9.58000000e+09 -1.06505414e+02 
 9.59000000e+09 -1.10351553e+02 
 9.60000000e+09 -1.13453724e+02 
 9.61000000e+09 -1.15777204e+02 
 9.62000000e+09 -1.17709699e+02 
 9.63000000e+09 -1.19074705e+02 
 9.64000000e+09 -1.20511046e+02 
 9.65000000e+09 -1.22271288e+02 
 9.66000000e+09 -1.23727623e+02 
 9.67000000e+09 -1.25233763e+02 
 9.68000000e+09 -1.26980478e+02 
 9.69000000e+09 -1.27976289e+02 
 9.70000000e+09 -1.28680909e+02 
 9.71000000e+09 -1.29749975e+02 
 9.72000000e+09 -1.30408574e+02 
 9.73000000e+09 -1.30841670e+02 
 9.74000000e+09 -1.31853191e+02 
 9.75000000e+09 -1.32819742e+02 
 9.76000000e+09 -1.33269371e+02 
 9.77000000e+09 -1.34121229e+02 
 9.78000000e+09 -1.34978453e+02 
 9.79000000e+09 -1.34914850e+02 
 9.80000000e+09 -1.35019157e+02 
 9.81000000e+09 -1.35390583e+02 
 9.82000000e+09 -1.35359596e+02 
 9.83000000e+09 -1.35717312e+02 
 9.84000000e+09 -1.36667815e+02 
 9.85000000e+09 -1.37357992e+02 
 9.86000000e+09 -1.38214071e+02 
 9.87000000e+09 -1.39581670e+02 
 9.88000000e+09 -1.40207047e+02 
 9.89000000e+09 -1.40509359e+02 
 9.90000000e+09 -1.41290338e+02 
 9.91000000e+09 -1.41552444e+02 
 9.92000000e+09 -1.41697287e+02 
 9.93000000e+09 -1.42581597e+02 
 9.94000000e+09 -1.43287543e+02 
 9.95000000e+09 -1.43673741e+02 
 9.96000000e+09 -1.44609157e+02 
 9.97000000e+09 -1.45115585e+02 
 9.98000000e+09 -1.44945644e+02 
 9.99000000e+09 -1.45188115e+02 
 1.00000000e+10 -1.45053164e+02 
 1.00100000e+10 -1.44591015e+02 
 1.00200000e+10 -1.44838719e+02 
 1.00300000e+10 -1.31461923e+02 
 1.00400000e+10 -1.28146029e+02 
