 0.00000000e+00 -3.97117100e+00 
 5.00000000e+06 -3.97578592e+00 
 1.00000000e+07 -5.29190885e+01 
 1.50000000e+07 -5.53820228e+01 
 2.00000000e+07 -5.63274782e+01 
 2.50000000e+07 -5.68775791e+01 
 3.00000000e+07 -5.73083164e+01 
 3.50000000e+07 -5.76750391e+01 
 4.00000000e+07 -5.80657571e+01 
 4.50000000e+07 -5.84696029e+01 
 5.00000000e+07 -5.88770691e+01 
 5.50000000e+07 -5.93549727e+01 
 6.00000000e+07 -5.98058069e+01 
 6.50000000e+07 -6.03214565e+01 
 7.00000000e+07 -6.08419443e+01 
 7.50000000e+07 -6.13446335e+01 
 8.00000000e+07 -6.18742162e+01 
 8.50000000e+07 -6.23265338e+01 
 9.00000000e+07 -6.27606084e+01 
 9.50000000e+07 -6.30946945e+01 
 1.00000000e+08 -6.33830188e+01 
 1.05000000e+08 -6.34503332e+01 
 1.10000000e+08 -6.35308237e+01 
 1.15000000e+08 -6.35129002e+01 
 1.20000000e+08 -6.34434609e+01 
 1.25000000e+08 -6.33340724e+01 
 1.30000000e+08 -6.33150602e+01 
 1.35000000e+08 -6.31224753e+01 
 1.40000000e+08 -6.30438338e+01 
 1.45000000e+08 -6.29435166e+01 
 1.50000000e+08 -6.27577015e+01 
 1.55000000e+08 -6.24541438e+01 
 1.60000000e+08 -6.19336792e+01 
 1.65000000e+08 -6.12174579e+01 
 1.70000000e+08 -6.02710750e+01 
 1.75000000e+08 -5.91019675e+01 
 1.80000000e+08 -5.77837707e+01 
 1.85000000e+08 -5.63683275e+01 
 1.90000000e+08 -5.48915680e+01 
 1.95000000e+08 -5.33297640e+01 
 2.00000000e+08 -5.16305232e+01 
 2.05000000e+08 -4.95442867e+01 
 2.10000000e+08 -4.64610807e+01 
 2.15000000e+08 -4.04809788e+01 
 2.20000000e+08 -2.76737557e+01 
 2.25000000e+08 -6.03079017e+00 
 2.30000000e+08 -2.86015111e+00 
 2.35000000e+08 -1.18961420e+01 
 2.40000000e+08 -3.41278571e+01 
 2.45000000e+08 -4.28203022e+01 
 2.50000000e+08 -4.76319067e+01 
 2.55000000e+08 -5.06520115e+01 
 2.60000000e+08 -5.25438415e+01 
 2.65000000e+08 -5.37789758e+01 
 2.70000000e+08 -5.45399222e+01 
 2.75000000e+08 -5.50259191e+01 
 2.80000000e+08 -5.54083426e+01 
 2.85000000e+08 -5.56872686e+01 
 2.90000000e+08 -5.60123955e+01 
 2.95000000e+08 -5.63283645e+01 
 3.00000000e+08 -5.66702211e+01 
 3.05000000e+08 -5.70002808e+01 
 3.10000000e+08 -5.73876623e+01 
 3.15000000e+08 -5.77497625e+01 
 3.20000000e+08 -5.81007980e+01 
 3.25000000e+08 -5.84060953e+01 
 3.30000000e+08 -5.86799944e+01 
 3.35000000e+08 -5.89637478e+01 
 3.40000000e+08 -5.91497874e+01 
 3.45000000e+08 -5.93324859e+01 
 3.50000000e+08 -5.94738003e+01 
 3.55000000e+08 -5.95836772e+01 
 3.60000000e+08 -5.97259912e+01 
 3.65000000e+08 -5.98372752e+01 
 3.70000000e+08 -5.99724600e+01 
 3.75000000e+08 -6.00843862e+01 
 3.80000000e+08 -6.02337926e+01 
 3.85000000e+08 -6.03220450e+01 
 3.90000000e+08 -6.04555694e+01 
 3.95000000e+08 -6.05633747e+01 
 4.00000000e+08 -6.06284502e+01 
 4.05000000e+08 -6.06265558e+01 
 4.10000000e+08 -6.06385681e+01 
 4.15000000e+08 -6.05222103e+01 
 4.20000000e+08 -6.03523880e+01 
 4.25000000e+08 -6.00638943e+01 
 4.30000000e+08 -5.95931495e+01 
 4.35000000e+08 -5.89945355e+01 
 4.40000000e+08 -5.78382658e+01 
 4.45000000e+08 -5.45165908e+01 
 4.50000000e+08 -4.08785538e+01 
 4.55000000e+08 -2.57585050e+01 
 4.60000000e+08 -2.53869068e+01 
 4.65000000e+08 -3.76337500e+01 
 4.70000000e+08 -5.24656102e+01 
 4.75000000e+08 -5.83053912e+01 
 4.80000000e+08 -6.11713000e+01 
 4.85000000e+08 -6.25952292e+01 
 4.90000000e+08 -6.32214042e+01 
 4.95000000e+08 -6.35366270e+01 
 5.00000000e+08 -6.36444117e+01 
 5.05000000e+08 -6.36746059e+01 
 5.10000000e+08 -6.37616032e+01 
 5.15000000e+08 -6.37225762e+01 
 5.20000000e+08 -6.38053335e+01 
 5.25000000e+08 -6.38550209e+01 
 5.30000000e+08 -6.38911876e+01 
 5.35000000e+08 -6.39767783e+01 
 5.40000000e+08 -6.40028235e+01 
 5.45000000e+08 -6.40784826e+01 
 5.50000000e+08 -6.41377249e+01 
 5.55000000e+08 -6.41801136e+01 
 5.60000000e+08 -6.41849083e+01 
 5.65000000e+08 -6.42616111e+01 
 5.70000000e+08 -6.43071795e+01 
 5.75000000e+08 -6.43688405e+01 
 5.80000000e+08 -6.43613832e+01 
 5.85000000e+08 -6.45905949e+01 
 5.90000000e+08 -6.43703814e+01 
 5.95000000e+08 -6.44813265e+01 
 6.00000000e+08 -6.44877864e+01 
 6.05000000e+08 -6.44217196e+01 
 6.10000000e+08 -6.44228803e+01 
 6.15000000e+08 -6.42409170e+01 
 6.20000000e+08 -6.42245637e+01 
 6.25000000e+08 -6.41579322e+01 
 6.30000000e+08 -6.41066950e+01 
 6.35000000e+08 -6.40324979e+01 
 6.40000000e+08 -6.40128303e+01 
 6.45000000e+08 -6.39050663e+01 
 6.50000000e+08 -6.35516256e+01 
 6.55000000e+08 -6.26744833e+01 
 6.60000000e+08 -6.05881506e+01 
 6.65000000e+08 -5.74097719e+01 
 6.70000000e+08 -5.22731322e+01 
 6.75000000e+08 -4.39021841e+01 
 6.80000000e+08 -2.48054076e+01 
 6.85000000e+08 -1.43264898e+01 
 6.90000000e+08 -1.62901572e+01 
 6.95000000e+08 -3.46757912e+01 
 7.00000000e+08 -4.85523201e+01 
 7.05000000e+08 -5.40377916e+01 
 7.10000000e+08 -5.62452187e+01 
 7.15000000e+08 -5.74923228e+01 
 7.20000000e+08 -5.85423665e+01 
 7.25000000e+08 -5.94288544e+01 
 7.30000000e+08 -6.02132413e+01 
 7.35000000e+08 -6.09143716e+01 
 7.40000000e+08 -6.14821066e+01 
 7.45000000e+08 -6.19947564e+01 
 7.50000000e+08 -6.24209631e+01 
 7.55000000e+08 -6.27524500e+01 
 7.60000000e+08 -6.29985965e+01 
 7.65000000e+08 -6.32717248e+01 
 7.70000000e+08 -6.34647107e+01 
 7.75000000e+08 -6.36890095e+01 
 7.80000000e+08 -6.38839340e+01 
 7.85000000e+08 -6.40268639e+01 
 7.90000000e+08 -6.43358859e+01 
 7.95000000e+08 -6.45094558e+01 
 8.00000000e+08 -6.47518788e+01 
 8.05000000e+08 -6.49700250e+01 
 8.10000000e+08 -6.51781227e+01 
 8.15000000e+08 -6.53992040e+01 
 8.20000000e+08 -6.55640906e+01 
 8.25000000e+08 -6.57664392e+01 
 8.30000000e+08 -6.59250356e+01 
 8.35000000e+08 -6.60461740e+01 
 8.40000000e+08 -6.61666228e+01 
 8.45000000e+08 -6.62599838e+01 
 8.50000000e+08 -6.63873429e+01 
 8.55000000e+08 -6.64941053e+01 
 8.60000000e+08 -6.65385514e+01 
 8.65000000e+08 -6.67254008e+01 
 8.70000000e+08 -6.67655718e+01 
 8.75000000e+08 -6.69111752e+01 
 8.80000000e+08 -6.70049308e+01 
 8.85000000e+08 -6.70175993e+01 
 8.90000000e+08 -6.68304954e+01 
 8.95000000e+08 -6.63537770e+01 
 9.00000000e+08 -6.46866810e+01 
 9.05000000e+08 -5.95582758e+01 
 9.10000000e+08 -3.32958465e+01 
 9.15000000e+08 -2.61607605e+01 
 9.20000000e+08 -3.08548912e+01 
 9.25000000e+08 -5.87683741e+01 
 9.30000000e+08 -6.58349384e+01 
 9.35000000e+08 -6.81410943e+01 
 9.40000000e+08 -6.95958410e+01 
 9.45000000e+08 -7.06608338e+01 
 9.50000000e+08 -7.16886930e+01 
 9.55000000e+08 -7.25248895e+01 
 9.60000000e+08 -7.31302984e+01 
 9.65000000e+08 -7.39139464e+01 
 9.70000000e+08 -7.40677496e+01 
 9.75000000e+08 -7.45016561e+01 
 9.80000000e+08 -7.47633091e+01 
 9.85000000e+08 -7.48317463e+01 
 9.90000000e+08 -7.49592326e+01 
 9.95000000e+08 -7.51003716e+01 
 1.00000000e+09 -7.51241780e+01 
 1.00500000e+09 -7.52786985e+01 
 1.01000000e+09 -7.52764147e+01 
 1.01500000e+09 -7.54824258e+01 
 1.02000000e+09 -7.53154555e+01 
 1.02500000e+09 -7.55001362e+01 
 1.03000000e+09 -7.55575872e+01 
 1.03500000e+09 -7.55299660e+01 
 1.04000000e+09 -7.56747295e+01 
 1.04500000e+09 -7.56556429e+01 
 1.05000000e+09 -7.54175860e+01 
 1.05500000e+09 -7.55347698e+01 
 1.06000000e+09 -7.55189197e+01 
 1.06500000e+09 -7.54973041e+01 
 1.07000000e+09 -7.52059247e+01 
 1.07500000e+09 -7.49447533e+01 
 1.08000000e+09 -7.46071040e+01 
 1.08500000e+09 -7.41133061e+01 
 1.09000000e+09 -7.33472161e+01 
 1.09500000e+09 -7.26487331e+01 
 1.10000000e+09 -7.16949420e+01 
 1.10500000e+09 -7.08498071e+01 
 1.11000000e+09 -6.99052672e+01 
 1.11500000e+09 -6.89657061e+01 
 1.12000000e+09 -6.78341200e+01 
 1.12500000e+09 -6.66300081e+01 
 1.13000000e+09 -6.35698714e+01 
 1.13500000e+09 -5.27255911e+01 
 1.14000000e+09 -2.55649906e+01 
 1.14500000e+09 -2.12421832e+01 
 1.15000000e+09 -2.88248022e+01 
 1.15500000e+09 -5.51302949e+01 
 1.16000000e+09 -6.33765457e+01 
 1.16500000e+09 -6.73185341e+01 
 1.17000000e+09 -6.95060090e+01 
 1.17500000e+09 -7.02910237e+01 
 1.18000000e+09 -7.10316056e+01 
 1.18500000e+09 -7.14657914e+01 
 1.19000000e+09 -7.18009960e+01 
 1.19500000e+09 -7.23661445e+01 
 1.20000000e+09 -7.26021676e+01 
 1.20500000e+09 -7.32102504e+01 
 1.21000000e+09 -7.37141102e+01 
 1.21500000e+09 -7.41719913e+01 
 1.22000000e+09 -7.46410202e+01 
 1.22500000e+09 -7.51230547e+01 
 1.23000000e+09 -7.55531367e+01 
 1.23500000e+09 -7.59613307e+01 
 1.24000000e+09 -7.61712200e+01 
 1.24500000e+09 -7.63635848e+01 
 1.25000000e+09 -7.67654464e+01 
 1.25500000e+09 -7.68686699e+01 
 1.26000000e+09 -7.71297092e+01 
 1.26500000e+09 -7.72330830e+01 
 1.27000000e+09 -7.74686711e+01 
 1.27500000e+09 -7.77343720e+01 
 1.28000000e+09 -7.78416687e+01 
 1.28500000e+09 -7.81610194e+01 
 1.29000000e+09 -7.83233837e+01 
 1.29500000e+09 -7.86683636e+01 
 1.30000000e+09 -7.85095117e+01 
 1.30500000e+09 -7.87379431e+01 
 1.31000000e+09 -7.88240496e+01 
 1.31500000e+09 -7.87408294e+01 
 1.32000000e+09 -7.83781798e+01 
 1.32500000e+09 -7.83314559e+01 
 1.33000000e+09 -7.78321401e+01 
 1.33500000e+09 -7.74995067e+01 
 1.34000000e+09 -7.69194712e+01 
 1.34500000e+09 -7.59592453e+01 
 1.35000000e+09 -7.48033853e+01 
 1.35500000e+09 -7.13530984e+01 
 1.36000000e+09 -6.38167470e+01 
 1.36500000e+09 -4.88788232e+01 
 1.37000000e+09 -3.13778610e+01 
 1.37500000e+09 -2.97037944e+01 
 1.38000000e+09 -4.07742232e+01 
 1.38500000e+09 -5.99065664e+01 
 1.39000000e+09 -6.91260367e+01 
 1.39500000e+09 -7.50373348e+01 
 1.40000000e+09 -7.93204496e+01 
 1.40500000e+09 -8.27118261e+01 
 1.41000000e+09 -8.51008822e+01 
 1.41500000e+09 -8.68815916e+01 
 1.42000000e+09 -8.90124141e+01 
 1.42500000e+09 -8.84071620e+01 
 1.43000000e+09 -9.04100029e+01 
 1.43500000e+09 -9.01339746e+01 
 1.44000000e+09 -9.00027047e+01 
 1.44500000e+09 -9.10268699e+01 
 1.45000000e+09 -9.02205117e+01 
 1.45500000e+09 -9.11996675e+01 
 1.46000000e+09 -9.11696759e+01 
 1.46500000e+09 -9.10954134e+01 
 1.47000000e+09 -9.22638320e+01 
 1.47500000e+09 -9.22021404e+01 
 1.48000000e+09 -9.29548158e+01 
 1.48500000e+09 -9.32505417e+01 
 1.49000000e+09 -9.34317252e+01 
 1.49500000e+09 -9.63379626e+01 
 1.50000000e+09 -9.06312178e+01 
 1.50500000e+09 -1.00575763e+02 
 1.51000000e+09 -9.62938103e+01 
 1.51500000e+09 -9.70371864e+01 
 1.52000000e+09 -9.92797584e+01 
 1.52500000e+09 -9.77909133e+01 
 1.53000000e+09 -1.01694261e+02 
 1.53500000e+09 -9.88239914e+01 
 1.54000000e+09 -9.80571435e+01 
 1.54500000e+09 -9.72674517e+01 
 1.55000000e+09 -9.33520901e+01 
 1.55500000e+09 -9.18004866e+01 
 1.56000000e+09 -8.81868688e+01 
 1.56500000e+09 -8.54367358e+01 
 1.57000000e+09 -8.22311780e+01 
 1.57500000e+09 -7.80793554e+01 
 1.58000000e+09 -7.40160867e+01 
 1.58500000e+09 -6.81082123e+01 
 1.59000000e+09 -5.92913757e+01 
 1.59500000e+09 -4.15816179e+01 
 1.60000000e+09 -2.92792475e+01 
 1.60500000e+09 -3.01556580e+01 
 1.61000000e+09 -4.57903274e+01 
 1.61500000e+09 -6.12924908e+01 
 1.62000000e+09 -6.91649219e+01 
 1.62500000e+09 -7.34831388e+01 
 1.63000000e+09 -7.59003262e+01 
 1.63500000e+09 -7.79095864e+01 
 1.64000000e+09 -7.94333979e+01 
 1.64500000e+09 -8.06687584e+01 
 1.65000000e+09 -8.21131251e+01 
 1.65500000e+09 -8.27312914e+01 
 1.66000000e+09 -8.41229608e+01 
 1.66500000e+09 -8.48772749e+01 
 1.67000000e+09 -8.53638322e+01 
 1.67500000e+09 -8.59555740e+01 
 1.68000000e+09 -8.66032690e+01 
 1.68500000e+09 -8.69325434e+01 
 1.69000000e+09 -8.73592650e+01 
 1.69500000e+09 -8.73799866e+01 
 1.70000000e+09 -8.78488915e+01 
 1.70500000e+09 -8.85607338e+01 
 1.71000000e+09 -8.84535386e+01 
 1.71500000e+09 -8.89475416e+01 
 1.72000000e+09 -8.89370038e+01 
 1.72500000e+09 -8.97518208e+01 
 1.73000000e+09 -8.93015080e+01 
 1.73500000e+09 -8.96308071e+01 
 1.74000000e+09 -9.00891428e+01 
 1.74500000e+09 -8.98503620e+01 
 1.75000000e+09 -9.01997040e+01 
 1.75500000e+09 -8.91280697e+01 
 1.76000000e+09 -9.00228872e+01 
 1.76500000e+09 -8.94103959e+01 
 1.77000000e+09 -8.87607216e+01 
 1.77500000e+09 -8.84136710e+01 
 1.78000000e+09 -8.82115604e+01 
 1.78500000e+09 -8.77844140e+01 
 1.79000000e+09 -8.77648627e+01 
 1.79500000e+09 -8.72636092e+01 
 1.80000000e+09 -8.65705392e+01 
 1.80500000e+09 -8.53371744e+01 
 1.81000000e+09 -8.15305569e+01 
 1.81500000e+09 -7.52139745e+01 
 1.82000000e+09 -6.53184109e+01 
 1.82500000e+09 -4.17880253e+01 
 1.83000000e+09 -3.32065615e+01 
 1.83500000e+09 -3.66634514e+01 
 1.84000000e+09 -6.02198609e+01 
 1.84500000e+09 -7.39949478e+01 
 1.85000000e+09 -7.77863047e+01 
 1.85500000e+09 -7.82682176e+01 
 1.86000000e+09 -7.83649168e+01 
 1.86500000e+09 -7.88383397e+01 
 1.87000000e+09 -7.90844639e+01 
 1.87500000e+09 -7.95535832e+01 
 1.88000000e+09 -8.00138057e+01 
 1.88500000e+09 -8.03594654e+01 
 1.89000000e+09 -8.09334030e+01 
 1.89500000e+09 -8.11532886e+01 
 1.90000000e+09 -8.14192978e+01 
 1.90500000e+09 -8.21547661e+01 
 1.91000000e+09 -8.17785105e+01 
 1.91500000e+09 -8.24326760e+01 
 1.92000000e+09 -8.24614766e+01 
 1.92500000e+09 -8.25562241e+01 
 1.93000000e+09 -8.30535215e+01 
 1.93500000e+09 -8.30981317e+01 
 1.94000000e+09 -8.33666936e+01 
 1.94500000e+09 -8.35343831e+01 
 1.95000000e+09 -8.36536753e+01 
 1.95500000e+09 -8.47973840e+01 
 1.96000000e+09 -8.29453176e+01 
 1.96500000e+09 -8.53782220e+01 
 1.97000000e+09 -8.49967960e+01 
 1.97500000e+09 -8.52049867e+01 
 1.98000000e+09 -8.58493118e+01 
 1.98500000e+09 -8.58258110e+01 
 1.99000000e+09 -8.72196998e+01 
 1.99500000e+09 -8.75060447e+01 
 2.00000000e+09 -8.81001685e+01 
 2.00500000e+09 -8.94616222e+01 
 2.01000000e+09 -8.98107355e+01 
 2.01500000e+09 -9.15987031e+01 
 2.02000000e+09 -9.20108037e+01 
 2.02500000e+09 -9.17770041e+01 
 2.03000000e+09 -9.00595893e+01 
 2.03500000e+09 -9.05902827e+01 
 2.04000000e+09 -8.73458079e+01 
 2.04500000e+09 -8.49762474e+01 
 2.05000000e+09 -7.83463332e+01 
 2.05500000e+09 -4.12402832e+01 
 2.06000000e+09 -3.56210342e+01 
 2.06500000e+09 -4.19400600e+01 
 2.07000000e+09 -7.87476068e+01 
 2.07500000e+09 -8.31102191e+01 
 2.08000000e+09 -8.41357041e+01 
 2.08500000e+09 -8.45966845e+01 
 2.09000000e+09 -8.45131190e+01 
 2.09500000e+09 -8.49125061e+01 
 2.10000000e+09 -8.48778409e+01 
 2.10500000e+09 -8.49043053e+01 
 2.11000000e+09 -8.53552590e+01 
 2.11500000e+09 -8.53770698e+01 
 2.12000000e+09 -8.60274658e+01 
 2.12500000e+09 -8.61754171e+01 
 2.13000000e+09 -8.62730782e+01 
 2.13500000e+09 -8.75382864e+01 
 2.14000000e+09 -8.70574435e+01 
 2.14500000e+09 -8.80058378e+01 
 2.15000000e+09 -8.81619884e+01 
 2.15500000e+09 -8.80983590e+01 
 2.16000000e+09 -8.94865670e+01 
 2.16500000e+09 -8.88291158e+01 
 2.17000000e+09 -8.94716271e+01 
 2.17500000e+09 -8.94732361e+01 
 2.18000000e+09 -8.91457761e+01 
 2.18500000e+09 -9.19313462e+01 
 2.19000000e+09 -8.82584127e+01 
 2.19500000e+09 -9.05523985e+01 
 2.20000000e+09 -9.02733568e+01 
 2.20500000e+09 -9.00778334e+01 
 2.21000000e+09 -9.06453424e+01 
 2.21500000e+09 -8.99970109e+01 
 2.22000000e+09 -9.09789309e+01 
 2.22500000e+09 -9.05980194e+01 
 2.23000000e+09 -8.99889724e+01 
 2.23500000e+09 -9.02389600e+01 
 2.24000000e+09 -8.86490690e+01 
 2.24500000e+09 -8.83707190e+01 
 2.25000000e+09 -8.71353732e+01 
 2.25500000e+09 -8.55103945e+01 
 2.26000000e+09 -8.37559969e+01 
 2.26500000e+09 -8.22107537e+01 
 2.27000000e+09 -7.90854373e+01 
 2.27500000e+09 -7.36813072e+01 
 2.28000000e+09 -6.12170650e+01 
 2.28500000e+09 -4.08203014e+01 
 2.29000000e+09 -3.79913457e+01 
 2.29500000e+09 -4.74265151e+01 
 2.30000000e+09 -6.83392769e+01 
 2.30500000e+09 -7.62542306e+01 
 2.31000000e+09 -8.04169269e+01 
 2.31500000e+09 -8.30672823e+01 
 2.32000000e+09 -8.46467102e+01 
 2.32500000e+09 -8.55798853e+01 
 2.33000000e+09 -8.59898363e+01 
 2.33500000e+09 -8.67903566e+01 
 2.34000000e+09 -8.64334549e+01 
 2.34500000e+09 -8.73581504e+01 
 2.35000000e+09 -8.75165743e+01 
 2.35500000e+09 -8.75459011e+01 
 2.36000000e+09 -8.79183579e+01 
 2.36500000e+09 -8.86796865e+01 
 2.37000000e+09 -8.84296048e+01 
 2.37500000e+09 -8.91112865e+01 
 2.38000000e+09 -8.91391816e+01 
 2.38500000e+09 -8.92190977e+01 
 2.39000000e+09 -9.05909591e+01 
 2.39500000e+09 -8.98943837e+01 
 2.40000000e+09 -9.05411775e+01 
 2.40500000e+09 -9.05661235e+01 
 2.41000000e+09 -9.06786981e+01 
 2.41500000e+09 -9.13786108e+01 
 2.42000000e+09 -8.95912275e+01 
 2.42500000e+09 -9.21167503e+01 
 2.43000000e+09 -9.18611801e+01 
 2.43500000e+09 -9.19299791e+01 
 2.44000000e+09 -9.20985817e+01 
 2.44500000e+09 -9.20570274e+01 
 2.45000000e+09 -9.31788769e+01 
 2.45500000e+09 -9.32000626e+01 
 2.46000000e+09 -9.28603070e+01 
 2.46500000e+09 -9.46722205e+01 
 2.47000000e+09 -9.32526713e+01 
 2.47500000e+09 -9.47589210e+01 
 2.48000000e+09 -9.43938872e+01 
 2.48500000e+09 -9.30551406e+01 
 2.49000000e+09 -8.95915557e+01 
 2.49500000e+09 -8.78660571e+01 
 2.50000000e+09 -8.25414052e+01 
 2.50500000e+09 -7.53112049e+01 
 2.51000000e+09 -6.00249151e+01 
 2.51500000e+09 -4.59813835e+01 
 2.52000000e+09 -4.56916944e+01 
 2.52500000e+09 -5.91520783e+01 
 2.53000000e+09 -7.53906230e+01 
 2.53500000e+09 -8.20375903e+01 
 2.54000000e+09 -8.53388524e+01 
 2.54500000e+09 -8.70455450e+01 
 2.55000000e+09 -8.88374292e+01 
 2.55500000e+09 -9.02003352e+01 
 2.56000000e+09 -9.08341668e+01 
 2.56500000e+09 -9.18938971e+01 
 2.57000000e+09 -9.18964599e+01 
 2.57500000e+09 -9.28957134e+01 
 2.58000000e+09 -9.35819914e+01 
 2.58500000e+09 -9.36196190e+01 
 2.59000000e+09 -9.30144908e+01 
 2.59500000e+09 -9.54138910e+01 
 2.60000000e+09 -9.40734140e+01 
 2.60500000e+09 -9.53050296e+01 
 2.61000000e+09 -9.53908545e+01 
 2.61500000e+09 -9.43619804e+01 
 2.62000000e+09 -9.76457217e+01 
 2.62500000e+09 -9.58609872e+01 
 2.63000000e+09 -9.70908688e+01 
 2.63500000e+09 -9.70841275e+01 
 2.64000000e+09 -9.47228978e+01 
 2.64500000e+09 -1.08396013e+02 
 2.65000000e+09 -9.42809068e+01 
 2.65500000e+09 -9.79730272e+01 
 2.66000000e+09 -9.78194255e+01 
 2.66500000e+09 -9.70425022e+01 
 2.67000000e+09 -9.74910969e+01 
 2.67500000e+09 -9.64173491e+01 
 2.68000000e+09 -9.76686895e+01 
 2.68500000e+09 -9.73882555e+01 
 2.69000000e+09 -9.60665798e+01 
 2.69500000e+09 -9.82233137e+01 
 2.70000000e+09 -9.52083924e+01 
 2.70500000e+09 -9.61293310e+01 
 2.71000000e+09 -9.51121869e+01 
 2.71500000e+09 -9.28835298e+01 
 2.72000000e+09 -9.05242391e+01 
 2.72500000e+09 -8.75504984e+01 
 2.73000000e+09 -8.23841590e+01 
 2.73500000e+09 -7.36841061e+01 
 2.74000000e+09 -5.35036283e+01 
 2.74500000e+09 -4.34005559e+01 
 2.75000000e+09 -4.57457787e+01 
 2.75500000e+09 -6.48658525e+01 
 2.76000000e+09 -7.85645580e+01 
 2.76500000e+09 -8.49564791e+01 
 2.77000000e+09 -8.83237040e+01 
 2.77500000e+09 -9.03386593e+01 
 2.78000000e+09 -9.25710146e+01 
 2.78500000e+09 -9.35974823e+01 
 2.79000000e+09 -9.47683556e+01 
 2.79500000e+09 -9.67790204e+01 
 2.80000000e+09 -9.68326743e+01 
 2.80500000e+09 -9.97269305e+01 
 2.81000000e+09 -9.96913126e+01 
 2.81500000e+09 -9.93806786e+01 
 2.82000000e+09 -1.03951767e+02 
 2.82500000e+09 -9.99514072e+01 
 2.83000000e+09 -1.03497221e+02 
 2.83500000e+09 -1.03125937e+02 
 2.84000000e+09 -1.02225798e+02 
 2.84500000e+09 -1.02130833e+02 
 2.85000000e+09 -1.09456002e+02 
 2.85500000e+09 -1.04703423e+02 
 2.86000000e+09 -1.07225830e+02 
 2.86500000e+09 -1.05900609e+02 
 2.87000000e+09 -1.08769128e+02 
 2.87500000e+09 -9.91949838e+01 
 2.88000000e+09 -1.03844228e+02 
 2.88500000e+09 -1.10899797e+02 
 2.89000000e+09 -1.09435881e+02 
 2.89500000e+09 -1.09761684e+02 
 2.90000000e+09 -1.06738425e+02 
 2.90500000e+09 -1.05646421e+02 
 2.91000000e+09 -1.08221257e+02 
 2.91500000e+09 -1.08523990e+02 
 2.92000000e+09 -1.03151815e+02 
 2.92500000e+09 -1.09320964e+02 
 2.93000000e+09 -1.02160759e+02 
 2.93500000e+09 -1.03806302e+02 
 2.94000000e+09 -1.04135390e+02 
 2.94500000e+09 -1.02732577e+02 
 2.95000000e+09 -9.89569298e+01 
 2.95500000e+09 -1.01771460e+02 
 2.96000000e+09 -9.81705029e+01 
 2.96500000e+09 -9.27362862e+01 
 2.97000000e+09 -6.29135356e+01 
 2.97500000e+09 -5.61479589e+01 
 2.98000000e+09 -6.11770620e+01 
 2.98500000e+09 -9.21911231e+01 
 2.99000000e+09 -9.88362914e+01 
 2.99500000e+09 -1.00036792e+02 
 3.00000000e+09 -1.02044322e+02 
 3.00500000e+09 -1.01118762e+02 
 3.01000000e+09 -1.01859671e+02 
 3.01500000e+09 -1.03761906e+02 
 3.02000000e+09 -1.03653338e+02 
 3.02500000e+09 -1.03818466e+02 
 3.03000000e+09 -1.03223031e+02 
 3.03500000e+09 -1.02469623e+02 
 3.04000000e+09 -1.03496429e+02 
 3.04500000e+09 -1.05272073e+02 
 3.05000000e+09 -9.99176055e+01 
 3.05500000e+09 -1.04797886e+02 
 3.06000000e+09 -1.01201059e+02 
 3.06500000e+09 -1.01949232e+02 
 3.07000000e+09 -1.03664506e+02 
 3.07500000e+09 -1.00236692e+02 
 3.08000000e+09 -1.00874444e+02 
 3.08500000e+09 -1.01534640e+02 
 3.09000000e+09 -1.01722553e+02 
 3.09500000e+09 -1.03902042e+02 
 3.10000000e+09 -9.61402538e+01 
 3.10500000e+09 -1.00827367e+02 
 3.11000000e+09 -1.00630151e+02 
 3.11500000e+09 -1.01591946e+02 
 3.12000000e+09 -1.02985697e+02 
 3.12500000e+09 -1.01600651e+02 
 3.13000000e+09 -1.04410417e+02 
 3.13500000e+09 -1.01525531e+02 
 3.14000000e+09 -1.02413462e+02 
 3.14500000e+09 -1.04459334e+02 
 3.15000000e+09 -1.02541822e+02 
 3.15500000e+09 -1.08954571e+02 
 3.16000000e+09 -1.04831225e+02 
 3.16500000e+09 -1.09274882e+02 
 3.17000000e+09 -1.16885872e+02 
 3.17500000e+09 -1.04809500e+02 
 3.18000000e+09 -1.07809577e+02 
 3.18500000e+09 -9.70290046e+01 
 3.19000000e+09 -8.94425337e+01 
 3.19500000e+09 -7.67784761e+01 
 3.20000000e+09 -5.19487061e+01 
 3.20500000e+09 -4.79083830e+01 
 3.21000000e+09 -5.59886844e+01 
 3.21500000e+09 -8.16749013e+01 
 3.22000000e+09 -9.04694920e+01 
 3.22500000e+09 -9.49922799e+01 
 3.23000000e+09 -9.70845684e+01 
 3.23500000e+09 -9.95507671e+01 
 3.24000000e+09 -9.95126532e+01 
 3.24500000e+09 -9.94447582e+01 
 3.25000000e+09 -1.01330682e+02 
 3.25500000e+09 -9.89547265e+01 
 3.26000000e+09 -1.03059357e+02 
 3.26500000e+09 -1.01255741e+02 
 3.27000000e+09 -1.00747491e+02 
 3.27500000e+09 -1.02513976e+02 
 3.28000000e+09 -1.01356901e+02 
 3.28500000e+09 -1.02863045e+02 
 3.29000000e+09 -1.03040773e+02 
 3.29500000e+09 -1.02656945e+02 
 3.30000000e+09 -1.03138714e+02 
 3.30500000e+09 -1.09795562e+02 
 3.31000000e+09 -1.01759212e+02 
 3.31500000e+09 -1.05860025e+02 
 3.32000000e+09 -1.04950614e+02 
 3.32500000e+09 -1.09991170e+02 
 3.33000000e+09 -9.83728330e+01 
 3.33500000e+09 -1.06395454e+02 
 3.34000000e+09 -1.04833575e+02 
 3.34500000e+09 -1.05442523e+02 
 3.35000000e+09 -1.07506656e+02 
 3.35500000e+09 -1.05111487e+02 
 3.36000000e+09 -1.10985414e+02 
 3.36500000e+09 -1.05574408e+02 
 3.37000000e+09 -1.05073488e+02 
 3.37500000e+09 -1.07005515e+02 
 3.38000000e+09 -1.03464122e+02 
 3.38500000e+09 -1.06782464e+02 
 3.39000000e+09 -1.03756646e+02 
 3.39500000e+09 -1.03179217e+02 
 3.40000000e+09 -1.03439792e+02 
 3.40500000e+09 -1.04379296e+02 
 3.41000000e+09 -9.94982681e+01 
 3.41500000e+09 -1.00436733e+02 
 3.42000000e+09 -9.70269766e+01 
 3.42500000e+09 -8.33485196e+01 
 3.43000000e+09 -6.62479240e+01 
 3.43500000e+09 -6.50627321e+01 
 3.44000000e+09 -7.61845703e+01 
 3.44500000e+09 -9.26403606e+01 
 3.45000000e+09 -9.98417648e+01 
 3.45500000e+09 -1.01988997e+02 
 3.46000000e+09 -1.04907470e+02 
 3.46500000e+09 -1.03575947e+02 
 3.47000000e+09 -1.02685985e+02 
 3.47500000e+09 -1.03544718e+02 
 3.48000000e+09 -1.02967167e+02 
 3.48500000e+09 -1.03888040e+02 
 3.49000000e+09 -1.02857948e+02 
 3.49500000e+09 -1.02017124e+02 
 3.50000000e+09 -1.02450809e+02 
 3.50500000e+09 -1.05968314e+02 
 3.51000000e+09 -1.00110502e+02 
 3.51500000e+09 -1.04557583e+02 
 3.52000000e+09 -1.01856700e+02 
 3.52500000e+09 -1.02201641e+02 
 3.53000000e+09 -1.05272681e+02 
 3.53500000e+09 -1.00730715e+02 
 3.54000000e+09 -1.02535494e+02 
 3.54500000e+09 -1.02119042e+02 
 3.55000000e+09 -1.02466297e+02 
 3.55500000e+09 -1.11847454e+02 
 3.56000000e+09 -9.45941295e+01 
 3.56500000e+09 -1.06301631e+02 
 3.57000000e+09 -1.02632067e+02 
 3.57500000e+09 -1.03005878e+02 
 3.58000000e+09 -1.05048422e+02 
 3.58500000e+09 -1.03963574e+02 
 3.59000000e+09 -1.07311933e+02 
 3.59500000e+09 -1.04883068e+02 
 3.60000000e+09 -1.05036318e+02 
 3.60500000e+09 -1.08154202e+02 
 3.61000000e+09 -1.04654673e+02 
 3.61500000e+09 -1.12653858e+02 
 3.62000000e+09 -1.09666880e+02 
 3.62500000e+09 -1.12861011e+02 
 3.63000000e+09 -1.19302717e+02 
 3.63500000e+09 -1.02268143e+02 
 3.64000000e+09 -1.00093756e+02 
 3.64500000e+09 -9.10205110e+01 
 3.65000000e+09 -8.13315476e+01 
 3.65500000e+09 -6.28896390e+01 
 3.66000000e+09 -5.11402263e+01 
 3.66500000e+09 -5.23217332e+01 
 3.67000000e+09 -6.87837737e+01 
 3.67500000e+09 -8.43672978e+01 
 3.68000000e+09 -9.15645279e+01 
 3.68500000e+09 -9.49682752e+01 
 3.69000000e+09 -9.53657666e+01 
 3.69500000e+09 -9.78903431e+01 
 3.70000000e+09 -9.80680983e+01 
 3.70500000e+09 -9.83035430e+01 
 3.71000000e+09 -1.00219074e+02 
 3.71500000e+09 -9.90496001e+01 
 3.72000000e+09 -1.02513866e+02 
 3.72500000e+09 -1.01823968e+02 
 3.73000000e+09 -1.01130128e+02 
 3.73500000e+09 -1.04666213e+02 
 3.74000000e+09 -1.01335536e+02 
 3.74500000e+09 -1.04690072e+02 
 3.75000000e+09 -1.04348057e+02 
 3.75500000e+09 -1.03424963e+02 
 3.76000000e+09 -1.01798697e+02 
 3.76500000e+09 -1.13256595e+02 
 3.77000000e+09 -1.04357895e+02 
 3.77500000e+09 -1.07528249e+02 
 3.78000000e+09 -1.06285661e+02 
 3.78500000e+09 -1.16100618e+02 
 3.79000000e+09 -9.82092400e+01 
 3.79500000e+09 -1.06663052e+02 
 3.80000000e+09 -1.12488963e+02 
 3.80500000e+09 -1.10240221e+02 
 3.81000000e+09 -1.13241023e+02 
 3.81500000e+09 -1.08963890e+02 
 3.82000000e+09 -1.16548763e+02 
 3.82500000e+09 -1.22438857e+02 
 3.83000000e+09 -1.16092550e+02 
 3.83500000e+09 -1.13013811e+02 
 3.84000000e+09 -1.13537192e+02 
 3.84500000e+09 -1.14256755e+02 
 3.85000000e+09 -1.23636365e+02 
 3.85500000e+09 -1.22435651e+02 
 3.86000000e+09 -1.13421856e+02 
 3.86500000e+09 -1.06183939e+02 
 3.87000000e+09 -1.15306818e+02 
 3.87500000e+09 -1.06979019e+02 
 3.88000000e+09 -9.91182910e+01 
 3.88500000e+09 -7.47692128e+01 
 3.89000000e+09 -6.65797152e+01 
 3.89500000e+09 -7.03806864e+01 
 3.90000000e+09 -9.50923509e+01 
 3.90500000e+09 -1.05540165e+02 
 3.91000000e+09 -1.11543245e+02 
 3.91500000e+09 -1.08580795e+02 
 3.92000000e+09 -1.15172511e+02 
 3.92500000e+09 -1.08969920e+02 
 3.93000000e+09 -1.12579410e+02 
 3.93500000e+09 -1.17116956e+02 
 3.94000000e+09 -1.11217142e+02 
 3.94500000e+09 -1.15342199e+02 
 3.95000000e+09 -1.11853194e+02 
 3.95500000e+09 -1.14217835e+02 
 3.96000000e+09 -1.24513139e+02 
 3.96500000e+09 -1.08529059e+02 
 3.97000000e+09 -1.15779407e+02 
 3.97500000e+09 -1.12815783e+02 
 3.98000000e+09 -1.14404023e+02 
 3.98500000e+09 -1.19587194e+02 
 3.99000000e+09 -1.10685695e+02 
 3.99500000e+09 -1.08192116e+02 
 4.00000000e+09 -1.21920406e+02 
 4.00500000e+09 -1.18589848e+02 
 4.01000000e+09 -1.19914096e+02 
 4.01500000e+09 -9.97417352e+01 
 4.02000000e+09 -9.74800611e+01 
 4.02500000e+09 -1.05234976e+02 
 4.03000000e+09 -1.22592650e+02 
 4.03500000e+09 -1.26637236e+02 
 4.04000000e+09 -1.21386864e+02 
 4.04500000e+09 -1.14765633e+02 
 4.05000000e+09 -1.12769572e+02 
 4.05500000e+09 -1.16159611e+02 
 4.06000000e+09 -1.14896557e+02 
 4.06500000e+09 -1.07001484e+02 
 4.07000000e+09 -1.11598872e+02 
 4.07500000e+09 -1.04431240e+02 
 4.08000000e+09 -1.06262928e+02 
 4.08500000e+09 -1.04677196e+02 
 4.09000000e+09 -9.99512529e+01 
 4.09500000e+09 -1.04316166e+02 
 4.10000000e+09 -9.93957170e+01 
 4.10500000e+09 -9.97560558e+01 
 4.11000000e+09 -9.07631541e+01 
 4.11500000e+09 -5.65931349e+01 
 4.12000000e+09 -5.14073554e+01 
 4.12500000e+09 -5.80550242e+01 
 4.13000000e+09 -9.03104911e+01 
 4.13500000e+09 -9.68791744e+01 
 4.14000000e+09 -9.82287145e+01 
 4.14500000e+09 -1.01610034e+02 
 4.15000000e+09 -9.89856180e+01 
 4.15500000e+09 -1.01555708e+02 
 4.16000000e+09 -1.01388716e+02 
 4.16500000e+09 -1.00820871e+02 
 4.17000000e+09 -1.01972039e+02 
 4.17500000e+09 -1.00741368e+02 
 4.18000000e+09 -1.03514163e+02 
 4.18500000e+09 -1.03579003e+02 
 4.19000000e+09 -1.01559691e+02 
 4.19500000e+09 -1.06323812e+02 
 4.20000000e+09 -1.02044166e+02 
 4.20500000e+09 -1.04602241e+02 
 4.21000000e+09 -1.05178193e+02 
 4.21500000e+09 -1.03847629e+02 
 4.22000000e+09 -9.95709373e+01 
 4.22500000e+09 -1.10417440e+02 
 4.23000000e+09 -1.03478372e+02 
 4.23500000e+09 -1.04769297e+02 
 4.24000000e+09 -1.02031141e+02 
 4.24500000e+09 -1.05347686e+02 
 4.25000000e+09 -9.75654375e+01 
 4.25500000e+09 -1.03066980e+02 
 4.26000000e+09 -1.04687055e+02 
 4.26500000e+09 -1.04126942e+02 
 4.27000000e+09 -1.04895472e+02 
 4.27500000e+09 -1.02340660e+02 
 4.28000000e+09 -1.03191164e+02 
 4.28500000e+09 -1.04652431e+02 
 4.29000000e+09 -1.04710809e+02 
 4.29500000e+09 -1.02176436e+02 
 4.30000000e+09 -1.05454307e+02 
 4.30500000e+09 -1.02509012e+02 
 4.31000000e+09 -1.04218249e+02 
 4.31500000e+09 -1.05395119e+02 
 4.32000000e+09 -1.00195582e+02 
 4.32500000e+09 -1.04006395e+02 
 4.33000000e+09 -1.01949048e+02 
 4.33500000e+09 -1.02408826e+02 
 4.34000000e+09 -9.80691443e+01 
 4.34500000e+09 -8.13245142e+01 
 4.35000000e+09 -7.91396794e+01 
 4.35500000e+09 -8.75635877e+01 
 4.36000000e+09 -1.00423702e+02 
 4.36500000e+09 -1.03737160e+02 
 4.37000000e+09 -1.02936677e+02 
 4.37500000e+09 -1.06307558e+02 
 4.38000000e+09 -1.02771614e+02 
 4.38500000e+09 -1.04337406e+02 
 4.39000000e+09 -1.06001795e+02 
 4.39500000e+09 -1.03645337e+02 
 4.40000000e+09 -1.08002923e+02 
 4.40500000e+09 -1.03333680e+02 
 4.41000000e+09 -1.04722638e+02 
 4.41500000e+09 -1.06465575e+02 
 4.42000000e+09 -1.04939451e+02 
 4.42500000e+09 -1.04184641e+02 
 4.43000000e+09 -1.05557166e+02 
 4.43500000e+09 -1.05341762e+02 
 4.44000000e+09 -1.07424155e+02 
 4.44500000e+09 -1.08991414e+02 
 4.45000000e+09 -1.01430819e+02 
 4.45500000e+09 -1.09863948e+02 
 4.46000000e+09 -1.05452186e+02 
 4.46500000e+09 -1.06918353e+02 
 4.47000000e+09 -1.02090182e+02 
 4.47500000e+09 -9.53760356e+01 
 4.48000000e+09 -9.88831286e+01 
 4.48500000e+09 -1.03890778e+02 
 4.49000000e+09 -1.07007647e+02 
 4.49500000e+09 -1.06591932e+02 
 4.50000000e+09 -1.07496190e+02 
 4.50500000e+09 -1.04926114e+02 
 4.51000000e+09 -1.05099349e+02 
 4.51500000e+09 -1.06476064e+02 
 4.52000000e+09 -1.06016640e+02 
 4.52500000e+09 -1.04184437e+02 
 4.53000000e+09 -1.03774805e+02 
 4.53500000e+09 -1.02276292e+02 
 4.54000000e+09 -1.02501521e+02 
 4.54500000e+09 -1.01381418e+02 
 4.55000000e+09 -9.60967803e+01 
 4.55500000e+09 -9.72657126e+01 
 4.56000000e+09 -9.14650825e+01 
 4.56500000e+09 -8.43107117e+01 
 4.57000000e+09 -6.79481290e+01 
 4.57500000e+09 -5.42842378e+01 
 4.58000000e+09 -5.43988613e+01 
 4.58500000e+09 -6.83034441e+01 
 4.59000000e+09 -8.41795116e+01 
 4.59500000e+09 -9.17198714e+01 
 4.60000000e+09 -9.58146240e+01 
 4.60500000e+09 -9.98813454e+01 
 4.61000000e+09 -1.01456024e+02 
 4.61500000e+09 -1.04942290e+02 
 4.62000000e+09 -1.05366131e+02 
 4.62500000e+09 -1.06834068e+02 
 4.63000000e+09 -1.04731985e+02 
 4.63500000e+09 -1.05486524e+02 
 4.64000000e+09 -1.07680292e+02 
 4.64500000e+09 -1.07579552e+02 
 4.65000000e+09 -1.03134596e+02 
 4.65500000e+09 -1.12555789e+02 
 4.66000000e+09 -1.04011426e+02 
 4.66500000e+09 -1.06728966e+02 
 4.67000000e+09 -1.07781942e+02 
 4.67500000e+09 -1.03470141e+02 
 4.68000000e+09 -1.01930558e+02 
 4.68500000e+09 -1.07367736e+02 
 4.69000000e+09 -1.05973645e+02 
 4.69500000e+09 -1.06909407e+02 
 4.70000000e+09 -9.98127431e+01 
 4.70500000e+09 -1.04983659e+02 
 4.71000000e+09 -9.88665478e+01 
 4.71500000e+09 -1.04983802e+02 
 4.72000000e+09 -1.06272766e+02 
 4.72500000e+09 -1.05229456e+02 
 4.73000000e+09 -1.06231178e+02 
 4.73500000e+09 -1.03459828e+02 
 4.74000000e+09 -1.04387958e+02 
 4.74500000e+09 -1.05909665e+02 
 4.75000000e+09 -1.04558814e+02 
 4.75500000e+09 -1.05561999e+02 
 4.76000000e+09 -1.04177754e+02 
 4.76500000e+09 -1.04306210e+02 
 4.77000000e+09 -1.05798373e+02 
 4.77500000e+09 -1.08173476e+02 
 4.78000000e+09 -1.00288497e+02 
 4.78500000e+09 -1.09950295e+02 
 4.79000000e+09 -1.05073349e+02 
 4.79500000e+09 -1.05958109e+02 
 4.80000000e+09 -8.10664954e+01 
 4.80500000e+09 -7.08140482e+01 
 4.81000000e+09 -7.38304675e+01 
 4.81500000e+09 -9.27150581e+01 
 4.82000000e+09 -1.05639528e+02 
 4.82500000e+09 -1.10667717e+02 
 4.83000000e+09 -1.06258574e+02 
 4.83500000e+09 -1.13792651e+02 
 4.84000000e+09 -1.05824708e+02 
 4.84500000e+09 -1.07286872e+02 
 4.85000000e+09 -1.09581014e+02 
 4.85500000e+09 -1.06119852e+02 
 4.86000000e+09 -1.10822865e+02 
 4.86500000e+09 -1.06191363e+02 
 4.87000000e+09 -1.07127961e+02 
 4.87500000e+09 -1.10616609e+02 
 4.88000000e+09 -1.04948206e+02 
 4.88500000e+09 -1.09938049e+02 
 4.89000000e+09 -1.07028882e+02 
 4.89500000e+09 -1.07907121e+02 
 4.90000000e+09 -1.10502475e+02 
 4.90500000e+09 -1.10446388e+02 
 4.91000000e+09 -1.03987959e+02 
 4.91500000e+09 -1.12039809e+02 
 4.92000000e+09 -1.09556635e+02 
 4.92500000e+09 -1.13921192e+02 
 4.93000000e+09 -9.68275621e+01 
 4.93500000e+09 -9.44571067e+01 
 4.94000000e+09 -1.01240069e+02 
 4.94500000e+09 -1.10790630e+02 
 4.95000000e+09 -1.14100812e+02 
 4.95500000e+09 -1.12232897e+02 
 4.96000000e+09 -1.16031516e+02 
 4.96500000e+09 -1.10106610e+02 
 4.97000000e+09 -1.10789851e+02 
 4.97500000e+09 -1.14419555e+02 
 4.98000000e+09 -1.09628468e+02 
 4.98500000e+09 -1.18150248e+02 
 4.99000000e+09 -1.07657621e+02 
 4.99500000e+09 -1.10509031e+02 
 5.00000000e+09 -1.12339974e+02 
 5.00500000e+09 -1.07086149e+02 
 5.01000000e+09 -1.05504819e+02 
 5.01500000e+09 -1.07334992e+02 
 5.02000000e+09 -1.04875674e+02 
 5.02500000e+09 -9.80869375e+01 
 5.03000000e+09 -6.21859759e+01 
 5.03500000e+09 -5.57291944e+01 
 5.04000000e+09 -6.11375725e+01 
 5.04500000e+09 -9.85002506e+01 
 5.05000000e+09 -1.07335278e+02 
 5.05500000e+09 -1.05065359e+02 
 5.06000000e+09 -1.10496957e+02 
 5.06500000e+09 -1.04508502e+02 
 5.07000000e+09 -1.09911949e+02 
 5.07500000e+09 -1.10310824e+02 
 5.08000000e+09 -1.08545996e+02 
 5.08500000e+09 -1.11769396e+02 
 5.09000000e+09 -1.08532309e+02 
 5.09500000e+09 -1.15957555e+02 
 5.10000000e+09 -1.16696769e+02 
 5.10500000e+09 -1.10736394e+02 
 5.11000000e+09 -1.13325118e+02 
 5.11500000e+09 -1.10684999e+02 
 5.12000000e+09 -1.15017791e+02 
 5.12500000e+09 -1.22274224e+02 
 5.13000000e+09 -1.16140327e+02 
 5.13500000e+09 -1.04251899e+02 
 5.14000000e+09 -1.12923374e+02 
 5.14500000e+09 -1.12582178e+02 
 5.15000000e+09 -1.18329121e+02 
 5.15500000e+09 -1.12774203e+02 
 5.16000000e+09 -1.00935508e+02 
 5.16500000e+09 -1.00874609e+02 
 5.17000000e+09 -1.06729167e+02 
 5.17500000e+09 -1.14852255e+02 
 5.18000000e+09 -1.19073171e+02 
 5.18500000e+09 -1.17134701e+02 
 5.19000000e+09 -1.14002883e+02 
 5.19500000e+09 -1.12042014e+02 
 5.20000000e+09 -1.15399714e+02 
 5.20500000e+09 -1.22093690e+02 
 5.21000000e+09 -1.11003271e+02 
 5.21500000e+09 -1.23361555e+02 
 5.22000000e+09 -1.11950334e+02 
 5.22500000e+09 -1.17572822e+02 
 5.23000000e+09 -1.43014890e+02 
 5.23500000e+09 -1.08736283e+02 
 5.24000000e+09 -1.09805706e+02 
 5.24500000e+09 -1.16862834e+02 
 5.25000000e+09 -1.06265892e+02 
 5.25500000e+09 -9.32673918e+01 
 5.26000000e+09 -7.00911805e+01 
 5.26500000e+09 -6.63840031e+01 
 5.27000000e+09 -7.49099947e+01 
 5.27500000e+09 -9.98049559e+01 
 5.28000000e+09 -1.07058804e+02 
 5.28500000e+09 -1.14627670e+02 
 5.29000000e+09 -1.08805569e+02 
 5.29500000e+09 -1.24011122e+02 
 5.30000000e+09 -1.12708827e+02 
 5.30500000e+09 -1.12503969e+02 
 5.31000000e+09 -1.18927136e+02 
 5.31500000e+09 -1.11543982e+02 
 5.32000000e+09 -1.25742513e+02 
 5.32500000e+09 -1.14315844e+02 
 5.33000000e+09 -1.12696083e+02 
 5.33500000e+09 -1.15689956e+02 
 5.34000000e+09 -1.09405461e+02 
 5.34500000e+09 -1.15181264e+02 
 5.35000000e+09 -1.15701538e+02 
 5.35500000e+09 -1.13421061e+02 
 5.36000000e+09 -1.10806637e+02 
 5.36500000e+09 -1.11280605e+02 
 5.37000000e+09 -1.09239306e+02 
 5.37500000e+09 -1.24363994e+02 
 5.38000000e+09 -1.17825726e+02 
 5.38500000e+09 -1.05048012e+02 
 5.39000000e+09 -9.42098283e+01 
 5.39500000e+09 -9.45091508e+01 
 5.40000000e+09 -1.13515122e+02 
 5.40500000e+09 -1.20306295e+02 
 5.41000000e+09 -1.15053960e+02 
 5.41500000e+09 -1.17916473e+02 
 5.42000000e+09 -1.13483286e+02 
 5.42500000e+09 -1.21700357e+02 
 5.43000000e+09 -1.19136587e+02 
 5.43500000e+09 -1.12711797e+02 
 5.44000000e+09 -1.23089820e+02 
 5.44500000e+09 -1.09782890e+02 
 5.45000000e+09 -1.14242276e+02 
 5.45500000e+09 -1.14456488e+02 
 5.46000000e+09 -1.09847079e+02 
 5.46500000e+09 -1.02541352e+02 
 5.47000000e+09 -1.06439258e+02 
 5.47500000e+09 -9.84274918e+01 
 5.48000000e+09 -9.20184452e+01 
 5.48500000e+09 -7.73260568e+01 
 5.49000000e+09 -6.16537493e+01 
 5.49500000e+09 -6.06064864e+01 
 5.50000000e+09 -7.26572837e+01 
 5.50500000e+09 -9.01760649e+01 
 5.51000000e+09 -9.73840881e+01 
 5.51500000e+09 -1.00717124e+02 
 5.52000000e+09 -1.03757914e+02 
 5.52500000e+09 -1.04671134e+02 
 5.53000000e+09 -1.08056382e+02 
 5.53500000e+09 -1.07272814e+02 
 5.54000000e+09 -1.08759651e+02 
 5.54500000e+09 -1.06685499e+02 
 5.55000000e+09 -1.09652032e+02 
 5.55500000e+09 -1.11683174e+02 
 5.56000000e+09 -1.10024053e+02 
 5.56500000e+09 -1.06921172e+02 
 5.57000000e+09 -1.13738721e+02 
 5.57500000e+09 -1.07682012e+02 
 5.58000000e+09 -1.13232072e+02 
 5.58500000e+09 -1.11942946e+02 
 5.59000000e+09 -1.05038485e+02 
 5.59500000e+09 -1.08112977e+02 
 5.60000000e+09 -1.08829380e+02 
 5.60500000e+09 -1.14955541e+02 
 5.61000000e+09 -1.14158373e+02 
 5.61500000e+09 -1.04110422e+02 
 5.62000000e+09 -1.02162519e+02 
 5.62500000e+09 -1.01305287e+02 
 5.63000000e+09 -1.16143382e+02 
 5.63500000e+09 -1.16338589e+02 
 5.64000000e+09 -1.12584960e+02 
 5.64500000e+09 -1.13292289e+02 
 5.65000000e+09 -1.11281682e+02 
 5.65500000e+09 -1.16013531e+02 
 5.66000000e+09 -1.17119538e+02 
 5.66500000e+09 -1.11139241e+02 
 5.67000000e+09 -1.26220592e+02 
 5.67500000e+09 -1.08943355e+02 
 5.68000000e+09 -1.15237566e+02 
 5.68500000e+09 -1.15724640e+02 
 5.69000000e+09 -1.08923606e+02 
 5.69500000e+09 -1.06869495e+02 
 5.70000000e+09 -1.06869429e+02 
 5.70500000e+09 -1.04558315e+02 
 5.71000000e+09 -9.61083718e+01 
 5.71500000e+09 -7.76546057e+01 
 5.72000000e+09 -6.64109285e+01 
 5.72500000e+09 -6.79677062e+01 
 5.73000000e+09 -8.48506219e+01 
 5.73500000e+09 -9.92250516e+01 
 5.74000000e+09 -1.04355398e+02 
 5.74500000e+09 -1.12159194e+02 
 5.75000000e+09 -1.06969963e+02 
 5.75500000e+09 -1.18104704e+02 
 5.76000000e+09 -1.14613369e+02 
 5.76500000e+09 -1.12720351e+02 
 5.77000000e+09 -1.17977735e+02 
 5.77500000e+09 -1.11840743e+02 
 5.78000000e+09 -1.20820861e+02 
 5.78500000e+09 -1.18138550e+02 
 5.79000000e+09 -1.12481257e+02 
 5.79500000e+09 -1.13107726e+02 
 5.80000000e+09 -1.10701582e+02 
 5.80500000e+09 -1.15249483e+02 
 5.81000000e+09 -1.17996829e+02 
 5.81500000e+09 -1.13663426e+02 
 5.82000000e+09 -1.06070348e+02 
 5.82500000e+09 -1.13502625e+02 
 5.83000000e+09 -1.10292414e+02 
 5.83500000e+09 -1.17095823e+02 
 5.84000000e+09 -1.12757926e+02 
 5.84500000e+09 -9.77501072e+01 
 5.85000000e+09 -9.28085294e+01 
 5.85500000e+09 -9.76251905e+01 
 5.86000000e+09 -1.15120990e+02 
 5.86500000e+09 -1.13247036e+02 
 5.87000000e+09 -1.11329789e+02 
 5.87500000e+09 -1.12679940e+02 
 5.88000000e+09 -1.10015018e+02 
 5.88500000e+09 -1.14114825e+02 
 5.89000000e+09 -1.13033157e+02 
 5.89500000e+09 -1.08873519e+02 
 5.90000000e+09 -1.12977389e+02 
 5.90500000e+09 -1.07768773e+02 
 5.91000000e+09 -1.11607014e+02 
 5.91500000e+09 -1.11240631e+02 
 5.92000000e+09 -1.06386991e+02 
 5.92500000e+09 -1.07872265e+02 
 5.93000000e+09 -1.06720387e+02 
 5.93500000e+09 -1.04615994e+02 
 5.94000000e+09 -9.75116059e+01 
 5.94500000e+09 -7.22169344e+01 
 5.95000000e+09 -6.45697059e+01 
 5.95500000e+09 -6.86796122e+01 
 5.96000000e+09 -9.51169602e+01 
 5.96500000e+09 -1.05223986e+02 
 5.97000000e+09 -1.05005551e+02 
 5.97500000e+09 -1.08528839e+02 
 5.98000000e+09 -1.04631843e+02 
 5.98500000e+09 -1.08386042e+02 
 5.99000000e+09 -1.09994746e+02 
 5.99500000e+09 -1.08200021e+02 
 6.00000000e+09 -1.10211694e+02 
 6.00500000e+09 -1.07651346e+02 
 6.01000000e+09 -1.10899513e+02 
 6.01500000e+09 -1.12535928e+02 
 6.02000000e+09 -1.09754145e+02 
 6.02500000e+09 -1.09768142e+02 
 6.03000000e+09 -1.09485697e+02 
 6.03500000e+09 -1.10471115e+02 
 6.04000000e+09 -1.14010444e+02 
 6.04500000e+09 -1.12811659e+02 
 6.05000000e+09 -1.03157095e+02 
 6.05500000e+09 -1.15560545e+02 
 6.06000000e+09 -1.09341782e+02 
 6.06500000e+09 -1.14052617e+02 
 6.07000000e+09 -1.11894066e+02 
 6.07500000e+09 -1.01927691e+02 
 6.08000000e+09 -1.02918830e+02 
 6.08500000e+09 -1.05827894e+02 
 6.09000000e+09 -1.14267190e+02 
 6.09500000e+09 -1.14975453e+02 
 6.10000000e+09 -1.12350891e+02 
 6.10500000e+09 -1.13370080e+02 
 6.11000000e+09 -1.11443245e+02 
 6.11500000e+09 -1.15658580e+02 
 6.12000000e+09 -1.16223934e+02 
 6.12500000e+09 -1.11575167e+02 
 6.13000000e+09 -1.14170223e+02 
 6.13500000e+09 -1.10717081e+02 
 6.14000000e+09 -1.16467632e+02 
 6.14500000e+09 -1.16840857e+02 
 6.15000000e+09 -1.07319122e+02 
 6.15500000e+09 -1.16337861e+02 
 6.16000000e+09 -1.11803471e+02 
 6.16500000e+09 -1.20560942e+02 
 6.17000000e+09 -1.03565717e+02 
 6.17500000e+09 -7.20701253e+01 
 6.18000000e+09 -6.72441277e+01 
 6.18500000e+09 -7.43148468e+01 
 6.19000000e+09 -1.05799822e+02 
 6.19500000e+09 -1.13655216e+02 
 6.20000000e+09 -1.14746893e+02 
 6.20500000e+09 -1.16829949e+02 
 6.21000000e+09 -1.12536236e+02 
 6.21500000e+09 -1.53653152e+02 
 6.22000000e+09 -1.21685765e+02 
 6.22500000e+09 -1.19842665e+02 
 6.23000000e+09 -1.19035090e+02 
 6.23500000e+09 -1.17016494e+02 
 6.24000000e+09 -1.29503769e+02 
 6.24500000e+09 -1.24692931e+02 
 6.25000000e+09 -1.13540419e+02 
 6.25500000e+09 -1.16835628e+02 
 6.26000000e+09 -1.13102009e+02 
 6.26500000e+09 -1.24078046e+02 
 6.27000000e+09 -1.26017537e+02 
 6.27500000e+09 -1.13417810e+02 
 6.28000000e+09 -1.06044916e+02 
 6.28500000e+09 -1.13574439e+02 
 6.29000000e+09 -1.15780194e+02 
 6.29500000e+09 -1.18518347e+02 
 6.30000000e+09 -1.04883957e+02 
 6.30500000e+09 -9.39258734e+01 
 6.31000000e+09 -9.33457894e+01 
 6.31500000e+09 -1.05668233e+02 
 6.32000000e+09 -1.17956299e+02 
 6.32500000e+09 -1.16206225e+02 
 6.33000000e+09 -1.15171029e+02 
 6.33500000e+09 -1.15045673e+02 
 6.34000000e+09 -1.14077165e+02 
 6.34500000e+09 -1.19607381e+02 
 6.35000000e+09 -1.15832831e+02 
 6.35500000e+09 -1.14537333e+02 
 6.36000000e+09 -1.12539652e+02 
 6.36500000e+09 -1.12464280e+02 
 6.37000000e+09 -1.15612482e+02 
 6.37500000e+09 -1.15432296e+02 
 6.38000000e+09 -1.05632491e+02 
 6.38500000e+09 -1.21577919e+02 
 6.39000000e+09 -1.05884964e+02 
 6.39500000e+09 -1.03689896e+02 
 6.40000000e+09 -9.01184249e+01 
 6.40500000e+09 -7.17117555e+01 
 6.41000000e+09 -6.96181671e+01 
 6.41500000e+09 -7.98383170e+01 
 6.42000000e+09 -9.90715785e+01 
 6.42500000e+09 -1.06913537e+02 
 6.43000000e+09 -1.07232704e+02 
 6.43500000e+09 -1.17477557e+02 
 6.44000000e+09 -1.08944179e+02 
 6.44500000e+09 -1.17477890e+02 
 6.45000000e+09 -1.18544391e+02 
 6.45500000e+09 -1.15336136e+02 
 6.46000000e+09 -1.15039692e+02 
 6.46500000e+09 -1.13565021e+02 
 6.47000000e+09 -1.17583644e+02 
 6.47500000e+09 -1.21956584e+02 
 6.48000000e+09 -1.11930417e+02 
 6.48500000e+09 -1.20321714e+02 
 6.49000000e+09 -1.12229401e+02 
 6.49500000e+09 -1.17746640e+02 
 6.50000000e+09 -1.25398904e+02 
 6.50500000e+09 -1.11422845e+02 
 6.51000000e+09 -1.05029301e+02 
 6.51500000e+09 -1.16268729e+02 
 6.52000000e+09 -1.16756003e+02 
 6.52500000e+09 -1.23086569e+02 
 6.53000000e+09 -1.08401013e+02 
 6.53500000e+09 -1.01226949e+02 
 6.54000000e+09 -1.04853781e+02 
 6.54500000e+09 -1.14898503e+02 
 6.55000000e+09 -1.24478645e+02 
 6.55500000e+09 -1.26028300e+02 
 6.56000000e+09 -1.19706564e+02 
 6.56500000e+09 -1.22504615e+02 
 6.57000000e+09 -1.18385037e+02 
 6.57500000e+09 -1.25118396e+02 
 6.58000000e+09 -1.23550109e+02 
 6.58500000e+09 -1.20107545e+02 
 6.59000000e+09 -1.16112703e+02 
 6.59500000e+09 -1.19754053e+02 
 6.60000000e+09 -1.35198508e+02 
 6.60500000e+09 -1.16646960e+02 
 6.61000000e+09 -1.09984309e+02 
 6.61500000e+09 -1.11085012e+02 
 6.62000000e+09 -1.10865822e+02 
 6.62500000e+09 -1.00854480e+02 
 6.63000000e+09 -8.36882427e+01 
 6.63500000e+09 -7.06638693e+01 
 6.64000000e+09 -7.10607451e+01 
 6.64500000e+09 -8.57244988e+01 
 6.65000000e+09 -1.02168215e+02 
 6.65500000e+09 -1.07813296e+02 
 6.66000000e+09 -1.22070055e+02 
 6.66500000e+09 -1.08073655e+02 
 6.67000000e+09 -1.32182933e+02 
 6.67500000e+09 -1.16881888e+02 
 6.68000000e+09 -1.15773470e+02 
 6.68500000e+09 -1.19988145e+02 
 6.69000000e+09 -1.17204284e+02 
 6.69500000e+09 -1.34870670e+02 
 6.70000000e+09 -1.19584176e+02 
 6.70500000e+09 -1.16274886e+02 
 6.71000000e+09 -1.19942373e+02 
 6.71500000e+09 -1.12656273e+02 
 6.72000000e+09 -1.23873849e+02 
 6.72500000e+09 -1.23042319e+02 
 6.73000000e+09 -1.18088978e+02 
 6.73500000e+09 -1.08950723e+02 
 6.74000000e+09 -1.08477312e+02 
 6.74500000e+09 -1.13747131e+02 
 6.75000000e+09 -1.26639472e+02 
 6.75500000e+09 -1.21545074e+02 
 6.76000000e+09 -9.85571403e+01 
 6.76500000e+09 -9.17904406e+01 
 6.77000000e+09 -9.67257877e+01 
 6.77500000e+09 -1.30974401e+02 
 6.78000000e+09 -1.23692998e+02 
 6.78500000e+09 -1.19325026e+02 
 6.79000000e+09 -1.35894960e+02 
 6.79500000e+09 -1.17961387e+02 
 6.80000000e+09 -1.31508976e+02 
 6.80500000e+09 -1.27004842e+02 
 6.81000000e+09 -1.18256437e+02 
 6.81500000e+09 -1.25273112e+02 
 6.82000000e+09 -1.16262860e+02 
 6.82500000e+09 -1.25535136e+02 
 6.83000000e+09 -1.36742154e+02 
 6.83500000e+09 -1.14839112e+02 
 6.84000000e+09 -1.10386996e+02 
 6.84500000e+09 -1.17304795e+02 
 6.85000000e+09 -1.11545278e+02 
 6.85500000e+09 -1.04631015e+02 
 6.86000000e+09 -8.21234892e+01 
 6.86500000e+09 -7.30115293e+01 
 6.87000000e+09 -7.60041161e+01 
 6.87500000e+09 -9.72317373e+01 
 6.88000000e+09 -1.11033986e+02 
 6.88500000e+09 -1.14779208e+02 
 6.89000000e+09 -1.12614608e+02 
 6.89500000e+09 -1.10253963e+02 
 6.90000000e+09 -1.17250186e+02 
 6.90500000e+09 -1.29068861e+02 
 6.91000000e+09 -1.19494764e+02 
 6.91500000e+09 -1.23083699e+02 
 6.92000000e+09 -1.18614247e+02 
 6.92500000e+09 -1.24175906e+02 
 6.93000000e+09 -1.38011984e+02 
 6.93500000e+09 -1.20330652e+02 
 6.94000000e+09 -1.17496357e+02 
 6.94500000e+09 -1.16140451e+02 
 6.95000000e+09 -1.21019957e+02 
 6.95500000e+09 -1.30048368e+02 
 6.96000000e+09 -1.20509647e+02 
 6.96500000e+09 -1.08211036e+02 
 6.97000000e+09 -1.08596559e+02 
 6.97500000e+09 -1.18174878e+02 
 6.98000000e+09 -1.29240102e+02 
 6.98500000e+09 -1.18283418e+02 
 6.99000000e+09 -1.03595360e+02 
 6.99500000e+09 -1.00175981e+02 
 7.00000000e+09 -1.08413892e+02 
 7.00500000e+09 -1.30066674e+02 
 7.01000000e+09 -1.22209156e+02 
 7.01500000e+09 -1.21727204e+02 
 7.02000000e+09 -1.27020851e+02 
 7.02500000e+09 -1.24568842e+02 
 7.03000000e+09 -1.27123689e+02 
 7.03500000e+09 -1.20673229e+02 
 7.04000000e+09 -1.26151116e+02 
 7.04500000e+09 -1.15933264e+02 
 7.05000000e+09 -1.21681343e+02 
 7.05500000e+09 -1.27597729e+02 
 7.06000000e+09 -1.18485616e+02 
 7.06500000e+09 -1.11895271e+02 
 7.07000000e+09 -1.13887568e+02 
 7.07500000e+09 -1.12778528e+02 
 7.08000000e+09 -1.21959839e+02 
 7.08500000e+09 -1.15148081e+02 
 7.09000000e+09 -7.76444190e+01 
 7.09500000e+09 -7.16023577e+01 
 7.10000000e+09 -7.72908529e+01 
 7.10500000e+09 -1.28459357e+02 
 7.11000000e+09 -1.15872098e+02 
 7.11500000e+09 -1.12542524e+02 
 7.12000000e+09 -1.14139996e+02 
 7.12500000e+09 -1.09750155e+02 
 7.13000000e+09 -1.20304214e+02 
 7.13500000e+09 -1.15380940e+02 
 7.14000000e+09 -1.15045120e+02 
 7.14500000e+09 -1.15078182e+02 
 7.15000000e+09 -1.16830359e+02 
 7.15500000e+09 -1.22061821e+02 
 7.16000000e+09 -1.16654171e+02 
 7.16500000e+09 -1.13443075e+02 
 7.17000000e+09 -1.23841444e+02 
 7.17500000e+09 -1.12305337e+02 
 7.18000000e+09 -1.24638417e+02 
 7.18500000e+09 -1.18285936e+02 
 7.19000000e+09 -1.12239834e+02 
 7.19500000e+09 -1.08153590e+02 
 7.20000000e+09 -1.10404285e+02 
 7.20500000e+09 -1.18021436e+02 
 7.21000000e+09 -1.18238385e+02 
 7.21500000e+09 -1.06610007e+02 
 7.22000000e+09 -9.38613124e+01 
 7.22500000e+09 -9.18483927e+01 
 7.23000000e+09 -1.04241518e+02 
 7.23500000e+09 -1.23045399e+02 
 7.24000000e+09 -1.17279505e+02 
 7.24500000e+09 -1.17222923e+02 
 7.25000000e+09 -1.17459518e+02 
 7.25500000e+09 -1.18849243e+02 
 7.26000000e+09 -1.24868423e+02 
 7.26500000e+09 -1.17978972e+02 
 7.27000000e+09 -1.21823416e+02 
 7.27500000e+09 -1.15855709e+02 
 7.28000000e+09 -1.19647138e+02 
 7.28500000e+09 -1.27397223e+02 
 7.29000000e+09 -1.21023425e+02 
 7.29500000e+09 -1.10055588e+02 
 7.30000000e+09 -1.20729633e+02 
 7.30500000e+09 -1.11545175e+02 
 7.31000000e+09 -1.12723001e+02 
 7.31500000e+09 -1.00371693e+02 
 7.32000000e+09 -7.92277676e+01 
 7.32500000e+09 -7.59168129e+01 
 7.33000000e+09 -8.47190612e+01 
 7.33500000e+09 -1.06927164e+02 
 7.34000000e+09 -1.14438833e+02 
 7.34500000e+09 -1.11139978e+02 
 7.35000000e+09 -1.14098025e+02 
 7.35500000e+09 -1.10812708e+02 
 7.36000000e+09 -1.25670361e+02 
 7.36500000e+09 -1.22064265e+02 
 7.37000000e+09 -1.18956902e+02 
 7.37500000e+09 -1.19454790e+02 
 7.38000000e+09 -1.19300735e+02 
 7.38500000e+09 -1.27100794e+02 
 7.39000000e+09 -1.25743300e+02 
 7.39500000e+09 -1.15970449e+02 
 7.40000000e+09 -1.24050503e+02 
 7.40500000e+09 -1.15259537e+02 
 7.41000000e+09 -1.30274833e+02 
 7.41500000e+09 -1.25787313e+02 
 7.42000000e+09 -1.12796643e+02 
 7.42500000e+09 -1.08364152e+02 
 7.43000000e+09 -1.12554961e+02 
 7.43500000e+09 -1.24236827e+02 
 7.44000000e+09 -1.25289882e+02 
 7.44500000e+09 -1.07753464e+02 
 7.45000000e+09 -9.89092322e+01 
 7.45500000e+09 -9.99386505e+01 
 7.46000000e+09 -1.15224595e+02 
 7.46500000e+09 -1.29177642e+02 
 7.47000000e+09 -1.19895382e+02 
 7.47500000e+09 -1.21895645e+02 
 7.48000000e+09 -1.20144859e+02 
 7.48500000e+09 -1.25825760e+02 
 7.49000000e+09 -1.29010549e+02 
 7.49500000e+09 -1.19617053e+02 
 7.50000000e+09 -1.32810109e+02 
 7.50500000e+09 -1.15916929e+02 
 7.51000000e+09 -1.25150575e+02 
 7.51500000e+09 -1.25817992e+02 
 7.52000000e+09 -1.15867607e+02 
 7.52500000e+09 -1.11964722e+02 
 7.53000000e+09 -1.12053053e+02 
 7.53500000e+09 -1.11855263e+02 
 7.54000000e+09 -1.05358015e+02 
 7.54500000e+09 -9.03045920e+01 
 7.55000000e+09 -7.53761760e+01 
 7.55500000e+09 -7.46645608e+01 
 7.56000000e+09 -8.71453157e+01 
 7.56500000e+09 -1.04256642e+02 
 7.57000000e+09 -1.09681931e+02 
 7.57500000e+09 -1.15861397e+02 
 7.58000000e+09 -1.08966793e+02 
 7.58500000e+09 -1.16644469e+02 
 7.59000000e+09 -1.21597037e+02 
 7.59500000e+09 -1.17382401e+02 
 7.60000000e+09 -1.19348557e+02 
 7.60500000e+09 -1.17663727e+02 
 7.61000000e+09 -1.21715167e+02 
 7.61500000e+09 -1.26312820e+02 
 7.62000000e+09 -1.18962492e+02 
 7.62500000e+09 -1.17071949e+02 
 7.63000000e+09 -1.16948177e+02 
 7.63500000e+09 -1.17336552e+02 
 7.64000000e+09 -1.28486672e+02 
 7.64500000e+09 -1.21542234e+02 
 7.65000000e+09 -1.09753097e+02 
 7.65500000e+09 -1.09952124e+02 
 7.66000000e+09 -1.13763758e+02 
 7.66500000e+09 -1.29326241e+02 
 7.67000000e+09 -1.25681495e+02 
 7.67500000e+09 -9.88732370e+01 
 7.68000000e+09 -9.13880106e+01 
 7.68500000e+09 -9.47615389e+01 
 7.69000000e+09 -1.21627173e+02 
 7.69500000e+09 -1.30125215e+02 
 7.70000000e+09 -1.18537781e+02 
 7.70500000e+09 -1.24139065e+02 
 7.71000000e+09 -1.17123570e+02 
 7.71500000e+09 -1.23198320e+02 
 7.72000000e+09 -1.28599661e+02 
 7.72500000e+09 -1.19216702e+02 
 7.73000000e+09 -1.29139388e+02 
 7.73500000e+09 -1.17036327e+02 
 7.74000000e+09 -1.22029249e+02 
 7.74500000e+09 -1.29918624e+02 
 7.75000000e+09 -1.17371249e+02 
 7.75500000e+09 -1.11612671e+02 
 7.76000000e+09 -1.18887377e+02 
 7.76500000e+09 -1.13922159e+02 
 7.77000000e+09 -1.09572586e+02 
 7.77500000e+09 -9.05043933e+01 
 7.78000000e+09 -8.00196276e+01 
 7.78500000e+09 -8.18587428e+01 
 7.79000000e+09 -9.94514878e+01 
 7.79500000e+09 -1.13121426e+02 
 7.80000000e+09 -1.17564790e+02 
 7.80500000e+09 -1.12317505e+02 
 7.81000000e+09 -1.12104127e+02 
 7.81500000e+09 -1.16301046e+02 
 7.82000000e+09 -1.28339873e+02 
 7.82500000e+09 -1.24620286e+02 
 7.83000000e+09 -1.22332631e+02 
 7.83500000e+09 -1.23322914e+02 
 7.84000000e+09 -1.21693416e+02 
 7.84500000e+09 -1.30506113e+02 
 7.85000000e+09 -1.26881127e+02 
 7.85500000e+09 -1.18345300e+02 
 7.86000000e+09 -1.20981915e+02 
 7.86500000e+09 -1.19548787e+02 
 7.87000000e+09 -1.29495925e+02 
 7.87500000e+09 -1.31154849e+02 
 7.88000000e+09 -1.10627331e+02 
 7.88500000e+09 -1.10650866e+02 
 7.89000000e+09 -1.18148675e+02 
 7.89500000e+09 -1.32720660e+02 
 7.90000000e+09 -1.25923477e+02 
 7.90500000e+09 -9.99984938e+01 
 7.91000000e+09 -9.54404847e+01 
 7.91500000e+09 -1.02010858e+02 
 7.92000000e+09 -1.31176870e+02 
 7.92500000e+09 -1.33228172e+02 
 7.93000000e+09 -1.21641613e+02 
 7.93500000e+09 -1.25673751e+02 
 7.94000000e+09 -1.21614335e+02 
 7.94500000e+09 -1.28744913e+02 
 7.95000000e+09 -1.32213101e+02 
 7.95500000e+09 -1.25902216e+02 
 7.96000000e+09 -1.24629644e+02 
 7.96500000e+09 -1.20931442e+02 
 7.97000000e+09 -1.31035081e+02 
 7.97500000e+09 -1.32243564e+02 
 7.98000000e+09 -1.15659631e+02 
 7.98500000e+09 -1.15769308e+02 
 7.99000000e+09 -1.15781985e+02 
 7.99500000e+09 -1.21500684e+02 
 8.00000000e+09 -1.12186109e+02 
 8.00500000e+09 -8.33926499e+01 
 8.01000000e+09 -7.60349613e+01 
 8.01500000e+09 -8.05433532e+01 
 8.02000000e+09 -1.08341800e+02 
 8.02500000e+09 -1.22840928e+02 
 8.03000000e+09 -1.16007201e+02 
 8.03500000e+09 -1.16419063e+02 
 8.04000000e+09 -1.11606344e+02 
 8.04500000e+09 -1.33881404e+02 
 8.05000000e+09 -1.26417702e+02 
 8.05500000e+09 -1.22265224e+02 
 8.06000000e+09 -1.26077798e+02 
 8.06500000e+09 -1.24853915e+02 
 8.07000000e+09 -1.33958910e+02 
 8.07500000e+09 -1.29975153e+02 
 8.08000000e+09 -1.21370089e+02 
 8.08500000e+09 -1.23074880e+02 
 8.09000000e+09 -1.18436250e+02 
 8.09500000e+09 -1.26990125e+02 
 8.10000000e+09 -1.33896989e+02 
 8.10500000e+09 -1.20610896e+02 
 8.11000000e+09 -1.09786410e+02 
 8.11500000e+09 -1.12826517e+02 
 8.12000000e+09 -1.19976001e+02 
 8.12500000e+09 -1.28458315e+02 
 8.13000000e+09 -1.11788797e+02 
 8.13500000e+09 -9.42574657e+01 
 8.14000000e+09 -9.18761221e+01 
 8.14500000e+09 -1.01544189e+02 
 8.15000000e+09 -1.22041200e+02 
 8.15500000e+09 -1.29037358e+02 
 8.16000000e+09 -1.20429278e+02 
 8.16500000e+09 -1.29133642e+02 
 8.17000000e+09 -1.21126022e+02 
 8.17500000e+09 -1.30631842e+02 
 8.18000000e+09 -1.34944970e+02 
 8.18500000e+09 -1.27024794e+02 
 8.19000000e+09 -1.26985613e+02 
 8.19500000e+09 -1.22407178e+02 
 8.20000000e+09 -1.26875853e+02 
 8.20500000e+09 -1.36954224e+02 
 8.21000000e+09 -1.15383113e+02 
 8.21500000e+09 -1.17192110e+02 
 8.22000000e+09 -1.19163868e+02 
 8.22500000e+09 -1.39923568e+02 
 8.23000000e+09 -1.16107423e+02 
 8.23500000e+09 -8.89572239e+01 
 8.24000000e+09 -8.45742146e+01 
 8.24500000e+09 -9.19722961e+01 
 8.25000000e+09 -1.21845387e+02 
 8.25500000e+09 -1.35546103e+02 
 8.26000000e+09 -1.17938520e+02 
 8.26500000e+09 -1.13057056e+02 
 8.27000000e+09 -1.15116931e+02 
 8.27500000e+09 -1.26427863e+02 
 8.28000000e+09 -1.30901348e+02 
 8.28500000e+09 -1.31677757e+02 
 8.29000000e+09 -1.31434724e+02 
 8.29500000e+09 -1.33550087e+02 
 8.30000000e+09 -1.26284735e+02 
 8.30500000e+09 -1.28132577e+02 
 8.31000000e+09 -1.26002996e+02 
 8.31500000e+09 -1.21506039e+02 
 8.32000000e+09 -1.23037770e+02 
 8.32500000e+09 -1.26540443e+02 
 8.33000000e+09 -1.28485698e+02 
 8.33500000e+09 -1.19359137e+02 
 8.34000000e+09 -1.11128094e+02 
 8.34500000e+09 -1.14737321e+02 
 8.35000000e+09 -1.26817889e+02 
 8.35500000e+09 -1.28250718e+02 
 8.36000000e+09 -1.07561966e+02 
 8.36500000e+09 -9.46093126e+01 
 8.37000000e+09 -9.47215927e+01 
 8.37500000e+09 -1.08728352e+02 
 8.38000000e+09 -1.38665677e+02 
 8.38500000e+09 -1.24701477e+02 
 8.39000000e+09 -1.25183898e+02 
 8.39500000e+09 -1.21673784e+02 
 8.40000000e+09 -1.28736237e+02 
 8.40500000e+09 -1.28052857e+02 
 8.41000000e+09 -1.26727685e+02 
 8.41500000e+09 -1.34683657e+02 
 8.42000000e+09 -1.24708746e+02 
 8.42500000e+09 -1.31647323e+02 
 8.43000000e+09 -1.32284911e+02 
 8.43500000e+09 -1.23268631e+02 
 8.44000000e+09 -1.17371329e+02 
 8.44500000e+09 -1.16496347e+02 
 8.45000000e+09 -1.20097682e+02 
 8.45500000e+09 -1.13491042e+02 
 8.46000000e+09 -9.90536566e+01 
 8.46500000e+09 -8.17295146e+01 
 8.47000000e+09 -7.98557647e+01 
 8.47500000e+09 -9.06641967e+01 
 8.48000000e+09 -1.10562197e+02 
 8.48500000e+09 -1.16251781e+02 
 8.49000000e+09 -1.21404460e+02 
 8.49500000e+09 -1.11675685e+02 
 8.50000000e+09 -1.19787094e+02 
 8.50500000e+09 -1.27758695e+02 
 8.51000000e+09 -1.23353114e+02 
 8.51500000e+09 -1.24950517e+02 
 8.52000000e+09 -1.31443344e+02 
 8.52500000e+09 -1.32505647e+02 
 8.53000000e+09 -1.30820454e+02 
 8.53500000e+09 -1.25242750e+02 
 8.54000000e+09 -1.25920170e+02 
 8.54500000e+09 -1.20919939e+02 
 8.55000000e+09 -1.24766655e+02 
 8.55500000e+09 -1.33220101e+02 
 8.56000000e+09 -1.27002969e+02 
 8.56500000e+09 -1.15686759e+02 
 8.57000000e+09 -1.11817639e+02 
 8.57500000e+09 -1.17576979e+02 
 8.58000000e+09 -1.29207388e+02 
 8.58500000e+09 -1.30864573e+02 
 8.59000000e+09 -1.02334420e+02 
 8.59500000e+09 -9.28977846e+01 
 8.60000000e+09 -9.56268825e+01 
 8.60500000e+09 -1.15245644e+02 
 8.61000000e+09 -1.29633045e+02 
 8.61500000e+09 -1.27038492e+02 
 8.62000000e+09 -1.24715666e+02 
 8.62500000e+09 -1.23371387e+02 
 8.63000000e+09 -1.29379379e+02 
 8.63500000e+09 -1.32057392e+02 
 8.64000000e+09 -1.30617793e+02 
 8.64500000e+09 -1.36982681e+02 
 8.65000000e+09 -1.28181444e+02 
 8.65500000e+09 -1.31009425e+02 
 8.66000000e+09 -1.31327175e+02 
 8.66500000e+09 -1.23636652e+02 
 8.67000000e+09 -1.18004183e+02 
 8.67500000e+09 -1.20867252e+02 
 8.68000000e+09 -1.26769640e+02 
 8.68500000e+09 -1.27432576e+02 
 8.69000000e+09 -1.05419929e+02 
 8.69500000e+09 -9.32384441e+01 
 8.70000000e+09 -9.39371438e+01 
 8.70500000e+09 -1.08796573e+02 
 8.71000000e+09 -1.30831603e+02 
 8.71500000e+09 -1.25318576e+02 
 8.72000000e+09 -1.17680829e+02 
 8.72500000e+09 -1.13832033e+02 
 8.73000000e+09 -1.23135104e+02 
 8.73500000e+09 -1.31781533e+02 
 8.74000000e+09 -1.28190419e+02 
 8.74500000e+09 -1.29335976e+02 
 8.75000000e+09 -1.35782584e+02 
 8.75500000e+09 -1.35866701e+02 
 8.76000000e+09 -1.30153084e+02 
 8.76500000e+09 -1.26303231e+02 
 8.77000000e+09 -1.29882721e+02 
 8.77500000e+09 -1.23141019e+02 
 8.78000000e+09 -1.30028713e+02 
 8.78500000e+09 -1.31801006e+02 
 8.79000000e+09 -1.27047888e+02 
 8.79500000e+09 -1.16168794e+02 
 8.80000000e+09 -1.13962841e+02 
 8.80500000e+09 -1.20784657e+02 
 8.81000000e+09 -1.34900278e+02 
 8.81500000e+09 -1.28248502e+02 
 8.82000000e+09 -9.84496875e+01 
 8.82500000e+09 -9.20729634e+01 
 8.83000000e+09 -9.73535970e+01 
 8.83500000e+09 -1.32809148e+02 
 8.84000000e+09 -1.29820880e+02 
 8.84500000e+09 -1.23565969e+02 
 8.85000000e+09 -1.25127632e+02 
 8.85500000e+09 -1.22838298e+02 
 8.86000000e+09 -1.37469266e+02 
 8.86500000e+09 -1.27998315e+02 
 8.87000000e+09 -1.28988679e+02 
 8.87500000e+09 -1.26842868e+02 
 8.88000000e+09 -1.29558478e+02 
 8.88500000e+09 -1.49383653e+02 
 8.89000000e+09 -1.30601400e+02 
 8.89500000e+09 -1.21248862e+02 
 8.90000000e+09 -1.22447706e+02 
 8.90500000e+09 -1.19483222e+02 
 8.91000000e+09 -1.26239730e+02 
 8.91500000e+09 -1.15782450e+02 
 8.92000000e+09 -9.24725030e+01 
 8.92500000e+09 -8.37800896e+01 
 8.93000000e+09 -8.70415019e+01 
 8.93500000e+09 -1.09181942e+02 
 8.94000000e+09 -1.23983637e+02 
 8.94500000e+09 -1.19959926e+02 
 8.95000000e+09 -1.19897369e+02 
 8.95500000e+09 -1.14444634e+02 
 8.96000000e+09 -1.34496164e+02 
 8.96500000e+09 -1.30019768e+02 
 8.97000000e+09 -1.25917855e+02 
 8.97500000e+09 -1.28420122e+02 
 8.98000000e+09 -1.31361343e+02 
 8.98500000e+09 -1.37799421e+02 
 8.99000000e+09 -1.33783939e+02 
 8.99500000e+09 -1.26370008e+02 
 9.00000000e+09 -1.33118980e+02 
 9.00500000e+09 -1.23690538e+02 
 9.01000000e+09 -1.32834960e+02 
 9.01500000e+09 -1.35886715e+02 
 9.02000000e+09 -1.25525210e+02 
 9.02500000e+09 -1.15169029e+02 
 9.03000000e+09 -1.16329976e+02 
 9.03500000e+09 -1.23930219e+02 
 9.04000000e+09 -1.35736967e+02 
 9.04500000e+09 -1.19257166e+02 
 9.05000000e+09 -9.87331794e+01 
 9.05500000e+09 -9.51058060e+01 
 9.06000000e+09 -1.03540222e+02 
 9.06500000e+09 -1.29193652e+02 
 9.07000000e+09 -1.32208663e+02 
 9.07500000e+09 -1.24627550e+02 
 9.08000000e+09 -1.26236253e+02 
 9.08500000e+09 -1.25778971e+02 
 9.09000000e+09 -1.41045302e+02 
 9.09500000e+09 -1.33249212e+02 
 9.10000000e+09 -1.34574500e+02 
 9.10500000e+09 -1.32663884e+02 
 9.11000000e+09 -1.32061775e+02 
 9.11500000e+09 -1.37097553e+02 
 9.12000000e+09 -1.33154972e+02 
 9.12500000e+09 -1.23166547e+02 
 9.13000000e+09 -1.22973861e+02 
 9.13500000e+09 -1.25988566e+02 
 9.14000000e+09 -1.40176425e+02 
 9.14500000e+09 -1.33022018e+02 
 9.15000000e+09 -1.08050864e+02 
 9.15500000e+09 -1.02322369e+02 
 9.16000000e+09 -1.07925212e+02 
 9.16500000e+09 -1.35593956e+02 
 9.17000000e+09 -1.35605820e+02 
 9.17500000e+09 -1.24585034e+02 
 9.18000000e+09 -1.17412515e+02 
 9.18500000e+09 -1.18797924e+02 
 9.19000000e+09 -1.34053167e+02 
 9.19500000e+09 -1.34844983e+02 
 9.20000000e+09 -1.30455064e+02 
 9.20500000e+09 -1.33022286e+02 
 9.21000000e+09 -1.34194340e+02 
 9.21500000e+09 -1.36169874e+02 
 9.22000000e+09 -1.35899498e+02 
 9.22500000e+09 -1.29725646e+02 
 9.23000000e+09 -1.34989253e+02 
 9.23500000e+09 -1.27924286e+02 
 9.24000000e+09 -1.38162124e+02 
 9.24500000e+09 -1.38879584e+02 
 9.25000000e+09 -1.24645819e+02 
 9.25500000e+09 -1.17493794e+02 
 9.26000000e+09 -1.19751170e+02 
 9.26500000e+09 -1.28323303e+02 
 9.27000000e+09 -1.24478870e+02 
 9.27500000e+09 -1.09207200e+02 
 9.28000000e+09 -9.38693505e+01 
 9.28500000e+09 -9.27974296e+01 
 9.29000000e+09 -1.04622109e+02 
 9.29500000e+09 -1.23489556e+02 
 9.30000000e+09 -1.25673138e+02 
 9.30500000e+09 -1.27193300e+02 
 9.31000000e+09 -1.24031501e+02 
 9.31500000e+09 -1.30379170e+02 
 9.32000000e+09 -1.41453129e+02 
 9.32500000e+09 -1.31448430e+02 
 9.33000000e+09 -1.33627014e+02 
 9.33500000e+09 -1.30855078e+02 
 9.34000000e+09 -1.35143956e+02 
 9.34500000e+09 -1.48221768e+02 
 9.35000000e+09 -1.30998161e+02 
 9.35500000e+09 -1.25018291e+02 
 9.36000000e+09 -1.25083397e+02 
 9.36500000e+09 -1.28153838e+02 
 9.37000000e+09 -1.27408460e+02 
 9.37500000e+09 -1.13521683e+02 
 9.38000000e+09 -9.27972399e+01 
 9.38500000e+09 -8.98300051e+01 
 9.39000000e+09 -9.89238265e+01 
 9.39500000e+09 -1.21808027e+02 
 9.40000000e+09 -1.27307555e+02 
 9.40500000e+09 -1.26046142e+02 
 9.41000000e+09 -1.18820483e+02 
 9.41500000e+09 -1.22936324e+02 
 9.42000000e+09 -1.43981359e+02 
 9.42500000e+09 -1.35952814e+02 
 9.43000000e+09 -1.31464833e+02 
 9.43500000e+09 -1.38933311e+02 
 9.44000000e+09 -1.35015880e+02 
 9.44500000e+09 -1.40522566e+02 
 9.45000000e+09 -1.39410930e+02 
 9.45500000e+09 -1.33627931e+02 
 9.46000000e+09 -1.36060539e+02 
 9.46500000e+09 -1.31462297e+02 
 9.47000000e+09 -1.37752279e+02 
 9.47500000e+09 -1.41412288e+02 
 9.48000000e+09 -1.25028149e+02 
 9.48500000e+09 -1.19156993e+02 
 9.49000000e+09 -1.25288873e+02 
 9.49500000e+09 -1.31671782e+02 
 9.50000000e+09 -1.31554594e+02 
 9.50500000e+09 -1.10605928e+02 
 9.51000000e+09 -9.97160159e+01 
 9.51500000e+09 -1.01286617e+02 
 9.52000000e+09 -1.17789769e+02 
 9.52500000e+09 -1.33038918e+02 
 9.53000000e+09 -1.36030267e+02 
 9.53500000e+09 -1.28204569e+02 
 9.54000000e+09 -1.29137006e+02 
 9.54500000e+09 -1.33870999e+02 
 9.55000000e+09 -1.42047532e+02 
 9.55500000e+09 -1.40244961e+02 
 9.56000000e+09 -1.42038581e+02 
 9.56500000e+09 -1.42256476e+02 
 9.57000000e+09 -1.38460653e+02 
 9.57500000e+09 -1.40261875e+02 
 9.58000000e+09 -1.34111298e+02 
 9.58500000e+09 -1.30106668e+02 
 9.59000000e+09 -1.29658032e+02 
 9.59500000e+09 -1.39190608e+02 
 9.60000000e+09 -1.29419771e+02 
 9.60500000e+09 -1.16121112e+02 
 9.61000000e+09 -1.01376286e+02 
 9.61500000e+09 -1.00942652e+02 
 9.62000000e+09 -1.14345516e+02 
 9.62500000e+09 -1.29833455e+02 
 9.63000000e+09 -1.33615402e+02 
 9.63500000e+09 -1.26062469e+02 
 9.64000000e+09 -1.22441129e+02 
 9.64500000e+09 -1.29460201e+02 
 9.65000000e+09 -1.39584407e+02 
 9.65500000e+09 -1.40914740e+02 
 9.66000000e+09 -1.35825582e+02 
 9.66500000e+09 -1.37633275e+02 
 9.67000000e+09 -1.38328802e+02 
 9.67500000e+09 -1.41795529e+02 
 9.68000000e+09 -1.41342842e+02 
 9.68500000e+09 -1.40250383e+02 
 9.69000000e+09 -1.42480570e+02 
 9.69500000e+09 -1.38260268e+02 
 9.70000000e+09 -1.43934746e+02 
 9.70500000e+09 -1.45842813e+02 
 9.71000000e+09 -1.27223558e+02 
 9.71500000e+09 -1.25767828e+02 
 9.72000000e+09 -1.29652022e+02 
 9.72500000e+09 -1.37014126e+02 
 9.73000000e+09 -1.27733178e+02 
 9.73500000e+09 -1.00813903e+02 
 9.74000000e+09 -9.30239446e+01 
 9.74500000e+09 -9.71412958e+01 
 9.75000000e+09 -1.22410693e+02 
 9.75500000e+09 -1.37806589e+02 
 9.76000000e+09 -1.31570827e+02 
 9.76500000e+09 -1.36188855e+02 
 9.77000000e+09 -1.30129530e+02 
 9.77500000e+09 -1.47083433e+02 
 9.78000000e+09 -1.44868963e+02 
 9.78500000e+09 -1.38869212e+02 
 9.79000000e+09 -1.39658060e+02 
 9.79500000e+09 -1.43057670e+02 
 9.80000000e+09 -1.44655080e+02 
 9.80500000e+09 -1.54904062e+02 
 9.81000000e+09 -1.36912446e+02 
 9.81500000e+09 -1.39795625e+02 
 9.82000000e+09 -1.34028092e+02 
 9.82500000e+09 -1.39314222e+02 
 9.83000000e+09 -1.29364252e+02 
 9.83500000e+09 -1.08786491e+02 
 9.84000000e+09 -9.84248587e+01 
 9.84500000e+09 -1.00607954e+02 
 9.85000000e+09 -1.18789511e+02 
 9.85500000e+09 -1.34744606e+02 
 9.86000000e+09 -1.35476234e+02 
 9.86500000e+09 -1.32657947e+02 
 9.87000000e+09 -1.28920801e+02 
 9.87500000e+09 -1.40293898e+02 
 9.88000000e+09 -1.45761400e+02 
 9.88500000e+09 -1.44523170e+02 
 9.89000000e+09 -1.42892539e+02 
 9.89500000e+09 -1.41608579e+02 
 9.90000000e+09 -1.44770784e+02 
 9.90500000e+09 -1.45976832e+02 
 9.91000000e+09 -1.45576384e+02 
 9.91500000e+09 -1.49578956e+02 
 9.92000000e+09 -1.52912283e+02 
 9.92500000e+09 -1.47709435e+02 
 9.93000000e+09 -1.48022951e+02 
 9.93500000e+09 -1.45159416e+02 
 9.94000000e+09 -1.35172017e+02 
 9.94500000e+09 -1.35496334e+02 
 9.95000000e+09 -1.41490603e+02 
 9.95500000e+09 -1.54528728e+02 
 9.96000000e+09 -1.35625184e+02 
 9.96500000e+09 -1.07419112e+02 
 9.97000000e+09 -1.02524282e+02 
 9.97500000e+09 -1.09512376e+02 
 9.98000000e+09 -1.41642230e+02 
 9.98500000e+09 -1.46857292e+02 
 9.99000000e+09 -1.42033511e+02 
 9.99500000e+09 -1.40797626e+02 
 1.00000000e+10 -1.39451088e+02 
 1.00050000e+10 -1.55402776e+02 
 1.00100000e+10 -1.51113004e+02 
 1.00150000e+10 -1.41626261e+02 
 1.00200000e+10 -1.49343217e+02 
