 0.00000000e+00 -3.99620834e+00 
 5.00000000e+06 -3.96868275e+00 
 1.00000000e+07 -5.78104477e+01 
 1.50000000e+07 -7.45378471e+01 
 2.00000000e+07 -7.25632781e+01 
 2.50000000e+07 -7.72249141e+01 
 3.00000000e+07 -7.97982135e+01 
 3.50000000e+07 -8.06252072e+01 
 4.00000000e+07 -8.28768690e+01 
 4.50000000e+07 -8.37340785e+01 
 5.00000000e+07 -8.49702955e+01 
 5.50000000e+07 -8.58558064e+01 
 6.00000000e+07 -8.63598210e+01 
 6.50000000e+07 -8.74504768e+01 
 7.00000000e+07 -8.75719712e+01 
 7.50000000e+07 -8.83644161e+01 
 8.00000000e+07 -8.85600382e+01 
 8.50000000e+07 -8.90348110e+01 
 9.00000000e+07 -8.93656518e+01 
 9.50000000e+07 -8.94109135e+01 
 1.00000000e+08 -8.99152055e+01 
 1.05000000e+08 -8.98223648e+01 
 1.10000000e+08 -9.01428978e+01 
 1.15000000e+08 -9.03621142e+01 
 1.20000000e+08 -9.02484090e+01 
 1.25000000e+08 -9.08248709e+01 
 1.30000000e+08 -9.05333336e+01 
 1.35000000e+08 -9.09645087e+01 
 1.40000000e+08 -9.07982340e+01 
 1.45000000e+08 -9.11647902e+01 
 1.50000000e+08 -9.11284227e+01 
 1.55000000e+08 -9.12834791e+01 
 1.60000000e+08 -9.14012031e+01 
 1.65000000e+08 -9.15251189e+01 
 1.70000000e+08 -9.16137755e+01 
 1.75000000e+08 -9.20087119e+01 
 1.80000000e+08 -9.17909116e+01 
 1.85000000e+08 -9.23059678e+01 
 1.90000000e+08 -9.21290449e+01 
 1.95000000e+08 -9.26808011e+01 
 2.00000000e+08 -9.24895208e+01 
 2.05000000e+08 -9.28769678e+01 
 2.10000000e+08 -9.30114591e+01 
 2.15000000e+08 -9.32920871e+01 
 2.20000000e+08 -9.34341379e+01 
 2.25000000e+08 -9.37878066e+01 
 2.30000000e+08 -9.37801161e+01 
 2.35000000e+08 -9.43183393e+01 
 2.40000000e+08 -9.43345144e+01 
 2.45000000e+08 -9.48465410e+01 
 2.50000000e+08 -9.46053055e+01 
 2.55000000e+08 -9.54309805e+01 
 2.60000000e+08 -9.53187082e+01 
 2.65000000e+08 -9.56833656e+01 
 2.70000000e+08 -9.58861995e+01 
 2.75000000e+08 -9.64418601e+01 
 2.80000000e+08 -9.63144148e+01 
 2.85000000e+08 -9.67742443e+01 
 2.90000000e+08 -9.68592685e+01 
 2.95000000e+08 -9.74034521e+01 
 3.00000000e+08 -9.72152088e+01 
 3.05000000e+08 -9.77146755e+01 
 3.10000000e+08 -9.76994935e+01 
 3.15000000e+08 -9.81790141e+01 
 3.20000000e+08 -9.77987778e+01 
 3.25000000e+08 -9.85163246e+01 
 3.30000000e+08 -9.84772707e+01 
 3.35000000e+08 -9.86237872e+01 
 3.40000000e+08 -9.86153962e+01 
 3.45000000e+08 -9.90175453e+01 
 3.50000000e+08 -9.86390079e+01 
 3.55000000e+08 -9.91714887e+01 
 3.60000000e+08 -9.88108458e+01 
 3.65000000e+08 -9.94591993e+01 
 3.70000000e+08 -9.90769618e+01 
 3.75000000e+08 -9.92300014e+01 
 3.80000000e+08 -9.93781549e+01 
 3.85000000e+08 -9.95553089e+01 
 3.90000000e+08 -9.94981928e+01 
 3.95000000e+08 -9.94261188e+01 
 4.00000000e+08 -9.98316001e+01 
 4.05000000e+08 -9.97036327e+01 
 4.10000000e+08 -9.95974736e+01 
 4.15000000e+08 -1.00221727e+02 
 4.20000000e+08 -9.99280461e+01 
 4.25000000e+08 -1.00266626e+02 
 4.30000000e+08 -1.00293029e+02 
 4.35000000e+08 -1.00531078e+02 
 4.40000000e+08 -1.00489693e+02 
 4.45000000e+08 -1.00665515e+02 
 4.50000000e+08 -1.01097138e+02 
 4.55000000e+08 -1.00935464e+02 
 4.60000000e+08 -1.00993328e+02 
 4.65000000e+08 -1.01423034e+02 
 4.70000000e+08 -1.01575571e+02 
 4.75000000e+08 -1.01984035e+02 
 4.80000000e+08 -1.01515353e+02 
 4.85000000e+08 -1.02246695e+02 
 4.90000000e+08 -1.02386956e+02 
 4.95000000e+08 -1.02418885e+02 
 5.00000000e+08 -1.02554907e+02 
 5.05000000e+08 -1.01861100e+02 
 5.10000000e+08 -1.03815376e+02 
 5.15000000e+08 -1.02865296e+02 
 5.20000000e+08 -1.03113335e+02 
 5.25000000e+08 -1.02753959e+02 
 5.30000000e+08 -1.03961076e+02 
 5.35000000e+08 -1.03413299e+02 
 5.40000000e+08 -1.03383184e+02 
 5.45000000e+08 -1.04369033e+02 
 5.50000000e+08 -1.03254203e+02 
 5.55000000e+08 -1.03360970e+02 
 5.60000000e+08 -1.05534235e+02 
 5.65000000e+08 -1.03242988e+02 
 5.70000000e+08 -1.05228683e+02 
 5.75000000e+08 -1.02716836e+02 
 5.80000000e+08 -1.08628996e+02 
 5.85000000e+08 -1.02953026e+02 
 5.90000000e+08 -1.06812842e+02 
 5.95000000e+08 -1.03654221e+02 
 6.00000000e+08 -1.07494371e+02 
 6.05000000e+08 -1.05045525e+02 
 6.10000000e+08 -1.07952922e+02 
 6.15000000e+08 -1.00523372e+02 
 6.20000000e+08 -8.84766541e+01 
 6.25000000e+08 -8.06833086e+01 
 6.30000000e+08 -7.03232850e+01 
 6.35000000e+08 -5.65083182e+01 
 6.40000000e+08 -4.69762172e+01 
 6.45000000e+08 -5.10175660e+01 
 6.50000000e+08 -5.61717079e+01 
 6.55000000e+08 -5.76134210e+01 
 6.60000000e+08 -7.53499122e+01 
 6.65000000e+08 -8.33853126e+01 
 6.70000000e+08 -9.88876425e+01 
 6.75000000e+08 -9.99624575e+01 
 6.80000000e+08 -1.10382979e+02 
 6.85000000e+08 -1.05489360e+02 
 6.90000000e+08 -1.07786839e+02 
 6.95000000e+08 -1.05064504e+02 
 7.00000000e+08 -1.07009301e+02 
 7.05000000e+08 -1.04455625e+02 
 7.10000000e+08 -1.05777608e+02 
 7.15000000e+08 -1.08360112e+02 
 7.20000000e+08 -1.06958519e+02 
 7.25000000e+08 -1.04996958e+02 
 7.30000000e+08 -1.07127448e+02 
 7.35000000e+08 -1.05946993e+02 
 7.40000000e+08 -1.07343178e+02 
 7.45000000e+08 -1.04699652e+02 
 7.50000000e+08 -1.07854256e+02 
 7.55000000e+08 -1.03818643e+02 
 7.60000000e+08 -1.06622051e+02 
 7.65000000e+08 -1.05845601e+02 
 7.70000000e+08 -1.06304708e+02 
 7.75000000e+08 -1.04575185e+02 
 7.80000000e+08 -1.05945732e+02 
 7.85000000e+08 -1.05892972e+02 
 7.90000000e+08 -1.05992399e+02 
 7.95000000e+08 -1.04484884e+02 
 8.00000000e+08 -1.05606609e+02 
 8.05000000e+08 -1.05223834e+02 
 8.10000000e+08 -1.05412342e+02 
 8.15000000e+08 -1.04216454e+02 
 8.20000000e+08 -1.04930388e+02 
 8.25000000e+08 -1.04412084e+02 
 8.30000000e+08 -1.04899739e+02 
 8.35000000e+08 -1.03933399e+02 
 8.40000000e+08 -1.04635518e+02 
 8.45000000e+08 -1.03394453e+02 
 8.50000000e+08 -1.04855149e+02 
 8.55000000e+08 -1.03097642e+02 
 8.60000000e+08 -1.04694841e+02 
 8.65000000e+08 -1.02774667e+02 
 8.70000000e+08 -1.03751615e+02 
 8.75000000e+08 -1.03370951e+02 
 8.80000000e+08 -1.03057448e+02 
 8.85000000e+08 -1.02744089e+02 
 8.90000000e+08 -1.02722901e+02 
 8.95000000e+08 -1.03150774e+02 
 9.00000000e+08 -1.02328091e+02 
 9.05000000e+08 -1.02072991e+02 
 9.10000000e+08 -1.02410179e+02 
 9.15000000e+08 -1.01827043e+02 
 9.20000000e+08 -1.02051986e+02 
 9.25000000e+08 -1.01175518e+02 
 9.30000000e+08 -1.01482379e+02 
 9.35000000e+08 -1.01208013e+02 
 9.40000000e+08 -1.00514490e+02 
 9.45000000e+08 -1.00925588e+02 
 9.50000000e+08 -1.00125032e+02 
 9.55000000e+08 -1.00320378e+02 
 9.60000000e+08 -9.94910025e+01 
 9.65000000e+08 -9.94994744e+01 
 9.70000000e+08 -9.99470577e+01 
 9.75000000e+08 -9.80002815e+01 
 9.80000000e+08 -9.87957526e+01 
 9.85000000e+08 -9.83167992e+01 
 9.90000000e+08 -9.77913349e+01 
 9.95000000e+08 -9.77657817e+01 
 1.00000000e+09 -9.69281979e+01 
 1.00500000e+09 -9.77521073e+01 
 1.01000000e+09 -9.59602960e+01 
 1.01500000e+09 -9.70938402e+01 
 1.02000000e+09 -9.58557390e+01 
 1.02500000e+09 -9.60464453e+01 
 1.03000000e+09 -9.52952383e+01 
 1.03500000e+09 -9.54610099e+01 
 1.04000000e+09 -9.51254834e+01 
 1.04500000e+09 -9.46966681e+01 
 1.05000000e+09 -9.45213308e+01 
 1.05500000e+09 -9.45674134e+01 
 1.06000000e+09 -9.37473678e+01 
 1.06500000e+09 -9.44782784e+01 
 1.07000000e+09 -9.32637166e+01 
 1.07500000e+09 -9.38913645e+01 
 1.08000000e+09 -9.27921927e+01 
 1.08500000e+09 -9.35169634e+01 
 1.09000000e+09 -9.26823380e+01 
 1.09500000e+09 -9.26033577e+01 
 1.10000000e+09 -9.22403034e+01 
 1.10500000e+09 -9.24636718e+01 
 1.11000000e+09 -9.16691169e+01 
 1.11500000e+09 -9.20398818e+01 
 1.12000000e+09 -9.07002736e+01 
 1.12500000e+09 -9.14714756e+01 
 1.13000000e+09 -9.01470246e+01 
 1.13500000e+09 -9.08493654e+01 
 1.14000000e+09 -8.90177151e+01 
 1.14500000e+09 -8.92904157e+01 
 1.15000000e+09 -8.88265292e+01 
 1.15500000e+09 -8.81996086e+01 
 1.16000000e+09 -8.73331731e+01 
 1.16500000e+09 -8.68928515e+01 
 1.17000000e+09 -8.61912196e+01 
 1.17500000e+09 -8.57780150e+01 
 1.18000000e+09 -8.42508457e+01 
 1.18500000e+09 -8.44665730e+01 
 1.19000000e+09 -8.26036103e+01 
 1.19500000e+09 -8.27685610e+01 
 1.20000000e+09 -8.10145785e+01 
 1.20500000e+09 -8.08189752e+01 
 1.21000000e+09 -7.91564738e+01 
 1.21500000e+09 -7.85802120e+01 
 1.22000000e+09 -7.72457909e+01 
 1.22500000e+09 -7.62605237e+01 
 1.23000000e+09 -7.41956562e+01 
 1.23500000e+09 -7.33998468e+01 
 1.24000000e+09 -7.11966886e+01 
 1.24500000e+09 -6.94901508e+01 
 1.25000000e+09 -6.65040593e+01 
 1.25500000e+09 -6.41395859e+01 
 1.26000000e+09 -6.06759052e+01 
 1.26500000e+09 -5.65013743e+01 
 1.27000000e+09 -5.07320650e+01 
 1.27500000e+09 -4.47405200e+01 
 1.28000000e+09 -3.45987641e+01 
 1.28500000e+09 -1.82840205e+01 
 1.29000000e+09 -4.04518217e+00 
 1.29500000e+09 -3.87597339e+00 
 1.30000000e+09 -1.74580377e+01 
 1.30500000e+09 -3.48049567e+01 
 1.31000000e+09 -4.38645604e+01 
 1.31500000e+09 -5.13544806e+01 
 1.32000000e+09 -5.61173924e+01 
 1.32500000e+09 -6.04006783e+01 
 1.33000000e+09 -6.37905492e+01 
 1.33500000e+09 -6.71634009e+01 
 1.34000000e+09 -6.89281036e+01 
 1.34500000e+09 -7.12471852e+01 
 1.35000000e+09 -7.24754210e+01 
 1.35500000e+09 -7.46076321e+01 
 1.36000000e+09 -7.51622175e+01 
 1.36500000e+09 -7.63980574e+01 
 1.37000000e+09 -7.71961553e+01 
 1.37500000e+09 -7.85577115e+01 
 1.38000000e+09 -7.86591406e+01 
 1.38500000e+09 -7.99846890e+01 
 1.39000000e+09 -7.99869554e+01 
 1.39500000e+09 -8.14181396e+01 
 1.40000000e+09 -8.11588174e+01 
 1.40500000e+09 -8.24248798e+01 
 1.41000000e+09 -8.23611419e+01 
 1.41500000e+09 -8.30473363e+01 
 1.42000000e+09 -8.34451039e+01 
 1.42500000e+09 -8.40537588e+01 
 1.43000000e+09 -8.41293161e+01 
 1.43500000e+09 -8.45477068e+01 
 1.44000000e+09 -8.47998854e+01 
 1.44500000e+09 -8.56383361e+01 
 1.45000000e+09 -8.50161130e+01 
 1.45500000e+09 -8.58909134e+01 
 1.46000000e+09 -8.55866369e+01 
 1.46500000e+09 -8.64034635e+01 
 1.47000000e+09 -8.59662690e+01 
 1.47500000e+09 -8.64758463e+01 
 1.48000000e+09 -8.62965979e+01 
 1.48500000e+09 -8.67944862e+01 
 1.49000000e+09 -8.66483249e+01 
 1.49500000e+09 -8.69563369e+01 
 1.50000000e+09 -8.66896807e+01 
 1.50500000e+09 -8.73294591e+01 
 1.51000000e+09 -8.69146859e+01 
 1.51500000e+09 -8.74026159e+01 
 1.52000000e+09 -8.71457310e+01 
 1.52500000e+09 -8.75517208e+01 
 1.53000000e+09 -8.74505195e+01 
 1.53500000e+09 -8.76507616e+01 
 1.54000000e+09 -8.76987552e+01 
 1.54500000e+09 -8.78366945e+01 
 1.55000000e+09 -8.78070084e+01 
 1.55500000e+09 -8.81985643e+01 
 1.56000000e+09 -8.79628264e+01 
 1.56500000e+09 -8.83901170e+01 
 1.57000000e+09 -8.81196102e+01 
 1.57500000e+09 -8.87193688e+01 
 1.58000000e+09 -8.84149519e+01 
 1.58500000e+09 -8.87441122e+01 
 1.59000000e+09 -8.88092143e+01 
 1.59500000e+09 -8.89322246e+01 
 1.60000000e+09 -8.90422136e+01 
 1.60500000e+09 -8.90898742e+01 
 1.61000000e+09 -8.94412025e+01 
 1.61500000e+09 -8.92118188e+01 
 1.62000000e+09 -8.94544685e+01 
 1.62500000e+09 -8.96656707e+01 
 1.63000000e+09 -8.96348875e+01 
 1.63500000e+09 -8.97681509e+01 
 1.64000000e+09 -8.98443629e+01 
 1.64500000e+09 -9.00269689e+01 
 1.65000000e+09 -9.00795909e+01 
 1.65500000e+09 -8.99880858e+01 
 1.66000000e+09 -9.03110195e+01 
 1.66500000e+09 -9.03056763e+01 
 1.67000000e+09 -9.02625521e+01 
 1.67500000e+09 -9.04795221e+01 
 1.68000000e+09 -9.05185204e+01 
 1.68500000e+09 -9.05630757e+01 
 1.69000000e+09 -9.05390587e+01 
 1.69500000e+09 -9.07019131e+01 
 1.70000000e+09 -9.08894245e+01 
 1.70500000e+09 -9.05945500e+01 
 1.71000000e+09 -9.09854944e+01 
 1.71500000e+09 -9.07957042e+01 
 1.72000000e+09 -9.11524719e+01 
 1.72500000e+09 -9.08571090e+01 
 1.73000000e+09 -9.11617738e+01 
 1.73500000e+09 -9.10983834e+01 
 1.74000000e+09 -9.12597709e+01 
 1.74500000e+09 -9.12889831e+01 
 1.75000000e+09 -9.13181222e+01 
 1.75500000e+09 -9.12035353e+01 
 1.76000000e+09 -9.17090107e+01 
 1.76500000e+09 -9.13982622e+01 
 1.77000000e+09 -9.16636611e+01 
 1.77500000e+09 -9.14721142e+01 
 1.78000000e+09 -9.18420802e+01 
 1.78500000e+09 -9.16830497e+01 
 1.79000000e+09 -9.19191922e+01 
 1.79500000e+09 -9.18465281e+01 
 1.80000000e+09 -9.19915434e+01 
 1.80500000e+09 -9.19016630e+01 
 1.81000000e+09 -9.24805320e+01 
 1.81500000e+09 -9.17851759e+01 
 1.82000000e+09 -9.27074723e+01 
 1.82500000e+09 -9.18592688e+01 
 1.83000000e+09 -9.30140977e+01 
 1.83500000e+09 -9.20315706e+01 
 1.84000000e+09 -9.26941706e+01 
 1.84500000e+09 -9.24852667e+01 
 1.85000000e+09 -9.27358565e+01 
 1.85500000e+09 -9.27558459e+01 
 1.86000000e+09 -9.28422071e+01 
 1.86500000e+09 -9.27552739e+01 
 1.87000000e+09 -9.33566913e+01 
 1.87500000e+09 -9.25861970e+01 
 1.88000000e+09 -9.40793110e+01 
 1.88500000e+09 -9.22445874e+01 
 1.89000000e+09 -9.46386989e+01 
 1.89500000e+09 -9.23557993e+01 
 1.90000000e+09 -9.41926358e+01 
 1.90500000e+09 -9.29407863e+01 
 1.91000000e+09 -9.47439674e+01 
 1.91500000e+09 -9.04064953e+01 
 1.92000000e+09 -8.45151339e+01 
 1.92500000e+09 -7.45397065e+01 
 1.93000000e+09 -5.62973714e+01 
 1.93500000e+09 -5.36544296e+01 
 1.94000000e+09 -5.00874782e+01 
 1.94500000e+09 -4.64015838e+01 
 1.95000000e+09 -5.54712346e+01 
 1.95500000e+09 -7.10626716e+01 
 1.96000000e+09 -8.19638253e+01 
 1.96500000e+09 -9.58017824e+01 
 1.97000000e+09 -9.28962212e+01 
 1.97500000e+09 -9.32420103e+01 
 1.98000000e+09 -9.56009170e+01 
 1.98500000e+09 -9.34461027e+01 
 1.99000000e+09 -9.47609567e+01 
 1.99500000e+09 -9.36919710e+01 
 2.00000000e+09 -9.41973551e+01 
 2.00500000e+09 -9.45040299e+01 
 2.01000000e+09 -9.39079967e+01 
 2.01500000e+09 -9.45321206e+01 
 2.02000000e+09 -9.40482829e+01 
 2.02500000e+09 -9.44181295e+01 
 2.03000000e+09 -9.44197010e+01 
 2.03500000e+09 -9.40466083e+01 
 2.04000000e+09 -9.49829210e+01 
 2.04500000e+09 -9.39008035e+01 
 2.05000000e+09 -9.51160695e+01 
 2.05500000e+09 -9.45786002e+01 
 2.06000000e+09 -9.47080626e+01 
 2.06500000e+09 -9.45127218e+01 
 2.07000000e+09 -9.48733569e+01 
 2.07500000e+09 -9.51107047e+01 
 2.08000000e+09 -9.45573599e+01 
 2.08500000e+09 -9.49509140e+01 
 2.09000000e+09 -9.49021015e+01 
 2.09500000e+09 -9.50367596e+01 
 2.10000000e+09 -9.52363594e+01 
 2.10500000e+09 -9.49278934e+01 
 2.11000000e+09 -9.53142046e+01 
 2.11500000e+09 -9.51602651e+01 
 2.12000000e+09 -9.53959247e+01 
 2.12500000e+09 -9.52439777e+01 
 2.13000000e+09 -9.52663734e+01 
 2.13500000e+09 -9.55065874e+01 
 2.14000000e+09 -9.54559457e+01 
 2.14500000e+09 -9.55514269e+01 
 2.15000000e+09 -9.55929472e+01 
 2.15500000e+09 -9.56027242e+01 
 2.16000000e+09 -9.57908435e+01 
 2.16500000e+09 -9.57300518e+01 
 2.17000000e+09 -9.60179312e+01 
 2.17500000e+09 -9.56342609e+01 
 2.18000000e+09 -9.60022133e+01 
 2.18500000e+09 -9.61031476e+01 
 2.19000000e+09 -9.59208013e+01 
 2.19500000e+09 -9.61231403e+01 
 2.20000000e+09 -9.62619398e+01 
 2.20500000e+09 -9.63311424e+01 
 2.21000000e+09 -9.61966993e+01 
 2.21500000e+09 -9.63651780e+01 
 2.22000000e+09 -9.66161364e+01 
 2.22500000e+09 -9.63669910e+01 
 2.23000000e+09 -9.66875444e+01 
 2.23500000e+09 -9.64232241e+01 
 2.24000000e+09 -9.69061584e+01 
 2.24500000e+09 -9.65766930e+01 
 2.25000000e+09 -9.69287812e+01 
 2.25500000e+09 -9.68643161e+01 
 2.26000000e+09 -9.72065393e+01 
 2.26500000e+09 -9.66114986e+01 
 2.27000000e+09 -9.72918413e+01 
 2.27500000e+09 -9.70601176e+01 
 2.28000000e+09 -9.72162298e+01 
 2.28500000e+09 -9.71288455e+01 
 2.29000000e+09 -9.75215723e+01 
 2.29500000e+09 -9.73027612e+01 
 2.30000000e+09 -9.74977384e+01 
 2.30500000e+09 -9.73902825e+01 
 2.31000000e+09 -9.79281053e+01 
 2.31500000e+09 -9.75281818e+01 
 2.32000000e+09 -9.78277158e+01 
 2.32500000e+09 -9.77649356e+01 
 2.33000000e+09 -9.82395417e+01 
 2.33500000e+09 -9.76348693e+01 
 2.34000000e+09 -9.83948137e+01 
 2.34500000e+09 -9.81562977e+01 
 2.35000000e+09 -9.84800640e+01 
 2.35500000e+09 -9.82808116e+01 
 2.36000000e+09 -9.87061740e+01 
 2.36500000e+09 -9.84581686e+01 
 2.37000000e+09 -9.89252233e+01 
 2.37500000e+09 -9.88135569e+01 
 2.38000000e+09 -9.90767058e+01 
 2.38500000e+09 -9.87446517e+01 
 2.39000000e+09 -9.94357968e+01 
 2.39500000e+09 -9.91983013e+01 
 2.40000000e+09 -9.95565108e+01 
 2.40500000e+09 -9.92832000e+01 
 2.41000000e+09 -9.96277045e+01 
 2.41500000e+09 -9.98475813e+01 
 2.42000000e+09 -9.97169975e+01 
 2.42500000e+09 -9.98559382e+01 
 2.43000000e+09 -9.95374011e+01 
 2.43500000e+09 -1.00015318e+02 
 2.44000000e+09 -1.00652327e+02 
 2.44500000e+09 -9.96012395e+01 
 2.45000000e+09 -9.98888274e+01 
 2.45500000e+09 -1.00104316e+02 
 2.46000000e+09 -1.00610559e+02 
 2.46500000e+09 -9.97893645e+01 
 2.47000000e+09 -9.96894548e+01 
 2.47500000e+09 -1.00621596e+02 
 2.48000000e+09 -9.88532866e+01 
 2.48500000e+09 -1.01100035e+02 
 2.49000000e+09 -9.88708538e+01 
 2.49500000e+09 -1.00619271e+02 
 2.50000000e+09 -9.84552188e+01 
 2.50500000e+09 -1.00897137e+02 
 2.51000000e+09 -9.94761613e+01 
 2.51500000e+09 -9.91540738e+01 
 2.52000000e+09 -9.85490900e+01 
 2.52500000e+09 -1.00997913e+02 
 2.53000000e+09 -9.85737674e+01 
 2.53500000e+09 -1.00011918e+02 
 2.54000000e+09 -9.70436014e+01 
 2.54500000e+09 -1.02814240e+02 
 2.55000000e+09 -9.59114220e+01 
 2.55500000e+09 -1.02296411e+02 
 2.56000000e+09 -9.53048467e+01 
 2.56500000e+09 -8.93561720e+01 
 2.57000000e+09 -7.41210834e+01 
 2.57500000e+09 -7.12763583e+01 
 2.58000000e+09 -3.06226644e+01 
 2.58500000e+09 -2.42754103e+01 
 2.59000000e+09 -2.98238493e+01 
 2.59500000e+09 -5.85884413e+01 
 2.60000000e+09 -6.65672464e+01 
 2.60500000e+09 -7.94986687e+01 
 2.61000000e+09 -8.59766109e+01 
 2.61500000e+09 -9.97630280e+01 
 2.62000000e+09 -1.12492093e+02 
 2.62500000e+09 -1.01719622e+02 
 2.63000000e+09 -9.95419160e+01 
 2.63500000e+09 -1.00011759e+02 
 2.64000000e+09 -9.77898088e+01 
 2.64500000e+09 -9.97209187e+01 
 2.65000000e+09 -9.66266768e+01 
 2.65500000e+09 -9.89815684e+01 
 2.66000000e+09 -9.67622479e+01 
 2.66500000e+09 -9.74323288e+01 
 2.67000000e+09 -9.74661700e+01 
 2.67500000e+09 -9.72200435e+01 
 2.68000000e+09 -9.74464568e+01 
 2.68500000e+09 -9.71012785e+01 
 2.69000000e+09 -9.74401586e+01 
 2.69500000e+09 -9.76098335e+01 
 2.70000000e+09 -9.68910113e+01 
 2.70500000e+09 -9.79840494e+01 
 2.71000000e+09 -9.68507210e+01 
 2.71500000e+09 -9.78086584e+01 
 2.72000000e+09 -9.74620869e+01 
 2.72500000e+09 -9.77758139e+01 
 2.73000000e+09 -9.76974540e+01 
 2.73500000e+09 -9.77911763e+01 
 2.74000000e+09 -9.80395118e+01 
 2.74500000e+09 -9.80575809e+01 
 2.75000000e+09 -9.81055307e+01 
 2.75500000e+09 -9.83781607e+01 
 2.76000000e+09 -9.78952188e+01 
 2.76500000e+09 -9.88865138e+01 
 2.77000000e+09 -9.81846130e+01 
 2.77500000e+09 -9.88799725e+01 
 2.78000000e+09 -9.86161872e+01 
 2.78500000e+09 -9.89896608e+01 
 2.79000000e+09 -9.89301193e+01 
 2.79500000e+09 -9.91363200e+01 
 2.80000000e+09 -9.91856168e+01 
 2.80500000e+09 -9.92608049e+01 
 2.81000000e+09 -9.92636819e+01 
 2.81500000e+09 -9.97367493e+01 
 2.82000000e+09 -9.92794117e+01 
 2.82500000e+09 -9.97820478e+01 
 2.83000000e+09 -9.96485705e+01 
 2.83500000e+09 -1.00092135e+02 
 2.84000000e+09 -9.96882797e+01 
 2.84500000e+09 -1.00064282e+02 
 2.85000000e+09 -1.00231937e+02 
 2.85500000e+09 -1.00081750e+02 
 2.86000000e+09 -1.00033920e+02 
 2.86500000e+09 -1.00504646e+02 
 2.87000000e+09 -1.00250807e+02 
 2.87500000e+09 -1.00554349e+02 
 2.88000000e+09 -1.00359739e+02 
 2.88500000e+09 -1.00605412e+02 
 2.89000000e+09 -1.00606517e+02 
 2.89500000e+09 -1.00692254e+02 
 2.90000000e+09 -1.00803619e+02 
 2.90500000e+09 -1.00902699e+02 
 2.91000000e+09 -1.00836985e+02 
 2.91500000e+09 -1.00767332e+02 
 2.92000000e+09 -1.01068517e+02 
 2.92500000e+09 -1.01162977e+02 
 2.93000000e+09 -1.00850893e+02 
 2.93500000e+09 -1.01315339e+02 
 2.94000000e+09 -1.01206678e+02 
 2.94500000e+09 -1.01323064e+02 
 2.95000000e+09 -1.01230959e+02 
 2.95500000e+09 -1.01267984e+02 
 2.96000000e+09 -1.01784889e+02 
 2.96500000e+09 -1.01159108e+02 
 2.97000000e+09 -1.01764897e+02 
 2.97500000e+09 -1.01556160e+02 
 2.98000000e+09 -1.01777828e+02 
 2.98500000e+09 -1.01634234e+02 
 2.99000000e+09 -1.01927903e+02 
 2.99500000e+09 -1.02085668e+02 
 3.00000000e+09 -1.01592203e+02 
 3.00500000e+09 -1.02045915e+02 
 3.01000000e+09 -1.02295494e+02 
 3.01500000e+09 -1.01714389e+02 
 3.02000000e+09 -1.02497039e+02 
 3.02500000e+09 -1.02087485e+02 
 3.03000000e+09 -1.02475835e+02 
 3.03500000e+09 -1.02033206e+02 
 3.04000000e+09 -1.02560817e+02 
 3.04500000e+09 -1.02669656e+02 
 3.05000000e+09 -1.02167749e+02 
 3.05500000e+09 -1.02741441e+02 
 3.06000000e+09 -1.02190863e+02 
 3.06500000e+09 -1.02947060e+02 
 3.07000000e+09 -1.02717638e+02 
 3.07500000e+09 -1.02457473e+02 
 3.08000000e+09 -1.03137357e+02 
 3.08500000e+09 -1.02503998e+02 
 3.09000000e+09 -1.03598068e+02 
 3.09500000e+09 -1.02325805e+02 
 3.10000000e+09 -1.03036678e+02 
 3.10500000e+09 -1.03092854e+02 
 3.11000000e+09 -1.02765451e+02 
 3.11500000e+09 -1.03267427e+02 
 3.12000000e+09 -1.02579950e+02 
 3.12500000e+09 -1.03409713e+02 
 3.13000000e+09 -1.02745748e+02 
 3.13500000e+09 -1.03768009e+02 
 3.14000000e+09 -1.03645933e+02 
 3.14500000e+09 -1.02270919e+02 
 3.15000000e+09 -1.04439871e+02 
 3.15500000e+09 -1.02383963e+02 
 3.16000000e+09 -1.03724231e+02 
 3.16500000e+09 -1.02283789e+02 
 3.17000000e+09 -1.03598574e+02 
 3.17500000e+09 -1.02361416e+02 
 3.18000000e+09 -1.02862775e+02 
 3.18500000e+09 -1.01670856e+02 
 3.19000000e+09 -1.01322330e+02 
 3.19500000e+09 -1.02296507e+02 
 3.20000000e+09 -1.13091226e+02 
 3.20500000e+09 -8.70077804e+01 
 3.21000000e+09 -8.23130988e+01 
 3.21500000e+09 -7.10321263e+01 
 3.22000000e+09 -5.89010703e+01 
 3.22500000e+09 -4.88591480e+01 
 3.23000000e+09 -5.34541253e+01 
 3.23500000e+09 -5.54836950e+01 
 3.24000000e+09 -5.64295648e+01 
 3.24500000e+09 -7.33372812e+01 
 3.25000000e+09 -8.09369775e+01 
 3.25500000e+09 -9.45775630e+01 
 3.26000000e+09 -9.33949876e+01 
 3.26500000e+09 -1.02643773e+02 
 3.27000000e+09 -1.01217952e+02 
 3.27500000e+09 -1.04037213e+02 
 3.28000000e+09 -1.02128927e+02 
 3.28500000e+09 -1.05493237e+02 
 3.29000000e+09 -1.02048338e+02 
 3.29500000e+09 -1.04638785e+02 
 3.30000000e+09 -1.04059491e+02 
 3.30500000e+09 -1.04491401e+02 
 3.31000000e+09 -1.04053255e+02 
 3.31500000e+09 -1.04349468e+02 
 3.32000000e+09 -1.04447010e+02 
 3.32500000e+09 -1.04051117e+02 
 3.33000000e+09 -1.04933864e+02 
 3.33500000e+09 -1.05177848e+02 
 3.34000000e+09 -1.03052415e+02 
 3.34500000e+09 -1.05370362e+02 
 3.35000000e+09 -1.04210191e+02 
 3.35500000e+09 -1.05437076e+02 
 3.36000000e+09 -1.03689849e+02 
 3.36500000e+09 -1.05021171e+02 
 3.37000000e+09 -1.04566165e+02 
 3.37500000e+09 -1.04759456e+02 
 3.38000000e+09 -1.04740334e+02 
 3.38500000e+09 -1.04775421e+02 
 3.39000000e+09 -1.04354732e+02 
 3.39500000e+09 -1.05172474e+02 
 3.40000000e+09 -1.04959586e+02 
 3.40500000e+09 -1.04718854e+02 
 3.41000000e+09 -1.04204967e+02 
 3.41500000e+09 -1.05050905e+02 
 3.42000000e+09 -1.05124471e+02 
 3.42500000e+09 -1.04406347e+02 
 3.43000000e+09 -1.04964765e+02 
 3.43500000e+09 -1.04285467e+02 
 3.44000000e+09 -1.05064037e+02 
 3.44500000e+09 -1.05205359e+02 
 3.45000000e+09 -1.04444947e+02 
 3.45500000e+09 -1.04667505e+02 
 3.46000000e+09 -1.04913318e+02 
 3.46500000e+09 -1.05070705e+02 
 3.47000000e+09 -1.04242394e+02 
 3.47500000e+09 -1.04575757e+02 
 3.48000000e+09 -1.05339511e+02 
 3.48500000e+09 -1.04151398e+02 
 3.49000000e+09 -1.04854052e+02 
 3.49500000e+09 -1.04288346e+02 
 3.50000000e+09 -1.05118206e+02 
 3.50500000e+09 -1.04002441e+02 
 3.51000000e+09 -1.04584278e+02 
 3.51500000e+09 -1.04350086e+02 
 3.52000000e+09 -1.04391089e+02 
 3.52500000e+09 -1.03653710e+02 
 3.53000000e+09 -1.04772726e+02 
 3.53500000e+09 -1.03557445e+02 
 3.54000000e+09 -1.04489454e+02 
 3.54500000e+09 -1.03456330e+02 
 3.55000000e+09 -1.04071112e+02 
 3.55500000e+09 -1.04479648e+02 
 3.56000000e+09 -1.02767714e+02 
 3.56500000e+09 -1.03578321e+02 
 3.57000000e+09 -1.03600814e+02 
 3.57500000e+09 -1.03119423e+02 
 3.58000000e+09 -1.03298717e+02 
 3.58500000e+09 -1.02727081e+02 
 3.59000000e+09 -1.04016935e+02 
 3.59500000e+09 -1.01766812e+02 
 3.60000000e+09 -1.04318772e+02 
 3.60500000e+09 -1.02008418e+02 
 3.61000000e+09 -1.03339161e+02 
 3.61500000e+09 -1.01798148e+02 
 3.62000000e+09 -1.03286052e+02 
 3.62500000e+09 -1.02003404e+02 
 3.63000000e+09 -1.02274644e+02 
 3.63500000e+09 -1.02157695e+02 
 3.64000000e+09 -1.02604748e+02 
 3.64500000e+09 -1.01153654e+02 
 3.65000000e+09 -1.03052915e+02 
 3.65500000e+09 -1.01073346e+02 
 3.66000000e+09 -1.02730617e+02 
 3.66500000e+09 -1.00327580e+02 
 3.67000000e+09 -1.02669746e+02 
 3.67500000e+09 -1.00841255e+02 
 3.68000000e+09 -1.01374270e+02 
 3.68500000e+09 -1.00436266e+02 
 3.69000000e+09 -1.01549672e+02 
 3.69500000e+09 -1.00200962e+02 
 3.70000000e+09 -1.01549443e+02 
 3.70500000e+09 -9.88491547e+01 
 3.71000000e+09 -1.01150848e+02 
 3.71500000e+09 -9.85901145e+01 
 3.72000000e+09 -1.01162866e+02 
 3.72500000e+09 -9.72720066e+01 
 3.73000000e+09 -9.89640459e+01 
 3.73500000e+09 -9.81245316e+01 
 3.74000000e+09 -9.79035317e+01 
 3.74500000e+09 -9.69744728e+01 
 3.75000000e+09 -9.68190028e+01 
 3.75500000e+09 -9.61368751e+01 
 3.76000000e+09 -9.63110070e+01 
 3.76500000e+09 -9.40635884e+01 
 3.77000000e+09 -9.57082373e+01 
 3.77500000e+09 -9.25144686e+01 
 3.78000000e+09 -9.44459314e+01 
 3.78500000e+09 -9.14423624e+01 
 3.79000000e+09 -9.25705632e+01 
 3.79500000e+09 -9.00718996e+01 
 3.80000000e+09 -9.03000679e+01 
 3.80500000e+09 -8.88759644e+01 
 3.81000000e+09 -8.84648854e+01 
 3.81500000e+09 -8.51814189e+01 
 3.82000000e+09 -8.60974939e+01 
 3.82500000e+09 -8.30669445e+01 
 3.83000000e+09 -8.20545311e+01 
 3.83500000e+09 -7.79143041e+01 
 3.84000000e+09 -7.66250745e+01 
 3.84500000e+09 -7.31476094e+01 
 3.85000000e+09 -6.88845717e+01 
 3.85500000e+09 -6.17974594e+01 
 3.86000000e+09 -5.75358549e+01 
 3.86500000e+09 -4.56841836e+01 
 3.87000000e+09 -3.09380810e+01 
 3.87500000e+09 -1.59988980e+01 
 3.88000000e+09 -1.54926681e+01 
 3.88500000e+09 -2.84683990e+01 
 3.89000000e+09 -4.60482377e+01 
 3.89500000e+09 -5.47845347e+01 
 3.90000000e+09 -6.36353113e+01 
 3.90500000e+09 -6.74051747e+01 
 3.91000000e+09 -7.19699886e+01 
 3.91500000e+09 -7.51818433e+01 
 3.92000000e+09 -7.96564956e+01 
 3.92500000e+09 -8.03665277e+01 
 3.93000000e+09 -8.34601338e+01 
 3.93500000e+09 -8.40069025e+01 
 3.94000000e+09 -8.80403289e+01 
 3.94500000e+09 -8.70390656e+01 
 3.95000000e+09 -8.89896741e+01 
 3.95500000e+09 -8.94816316e+01 
 3.96000000e+09 -9.24733955e+01 
 3.96500000e+09 -9.08190300e+01 
 3.97000000e+09 -9.39706236e+01 
 3.97500000e+09 -9.24393365e+01 
 3.98000000e+09 -9.59077442e+01 
 3.98500000e+09 -9.37380722e+01 
 3.99000000e+09 -9.73761310e+01 
 3.99500000e+09 -9.53761770e+01 
 4.00000000e+09 -9.69250022e+01 
 4.00500000e+09 -9.72388207e+01 
 4.01000000e+09 -9.88344085e+01 
 4.01500000e+09 -9.77836604e+01 
 4.02000000e+09 -9.85617030e+01 
 4.02500000e+09 -9.88551979e+01 
 4.03000000e+09 -1.01192507e+02 
 4.03500000e+09 -9.84710194e+01 
 4.04000000e+09 -1.00898150e+02 
 4.04500000e+09 -9.93857223e+01 
 4.05000000e+09 -1.02045620e+02 
 4.05500000e+09 -9.97914418e+01 
 4.06000000e+09 -1.01527635e+02 
 4.06500000e+09 -1.00256770e+02 
 4.07000000e+09 -1.02009115e+02 
 4.07500000e+09 -1.00943634e+02 
 4.08000000e+09 -1.02061953e+02 
 4.08500000e+09 -1.00801142e+02 
 4.09000000e+09 -1.02771992e+02 
 4.09500000e+09 -1.01258580e+02 
 4.10000000e+09 -1.02773476e+02 
 4.10500000e+09 -1.01621207e+02 
 4.11000000e+09 -1.02716894e+02 
 4.11500000e+09 -1.02409173e+02 
 4.12000000e+09 -1.02856362e+02 
 4.12500000e+09 -1.02582630e+02 
 4.13000000e+09 -1.03028174e+02 
 4.13500000e+09 -1.02801973e+02 
 4.14000000e+09 -1.03918346e+02 
 4.14500000e+09 -1.02917367e+02 
 4.15000000e+09 -1.04185377e+02 
 4.15500000e+09 -1.03021126e+02 
 4.16000000e+09 -1.04951707e+02 
 4.16500000e+09 -1.03749833e+02 
 4.17000000e+09 -1.04425843e+02 
 4.17500000e+09 -1.04549868e+02 
 4.18000000e+09 -1.04752352e+02 
 4.18500000e+09 -1.05052964e+02 
 4.19000000e+09 -1.04851713e+02 
 4.19500000e+09 -1.06168354e+02 
 4.20000000e+09 -1.04684241e+02 
 4.20500000e+09 -1.05816605e+02 
 4.21000000e+09 -1.06098734e+02 
 4.21500000e+09 -1.06066228e+02 
 4.22000000e+09 -1.05697717e+02 
 4.22500000e+09 -1.06544208e+02 
 4.23000000e+09 -1.06525449e+02 
 4.23500000e+09 -1.06905720e+02 
 4.24000000e+09 -1.05863059e+02 
 4.24500000e+09 -1.07660833e+02 
 4.25000000e+09 -1.06696182e+02 
 4.25500000e+09 -1.06894302e+02 
 4.26000000e+09 -1.07364743e+02 
 4.26500000e+09 -1.07622398e+02 
 4.27000000e+09 -1.06932075e+02 
 4.27500000e+09 -1.07586321e+02 
 4.28000000e+09 -1.07470029e+02 
 4.28500000e+09 -1.08517225e+02 
 4.29000000e+09 -1.06706802e+02 
 4.29500000e+09 -1.08977558e+02 
 4.30000000e+09 -1.07044988e+02 
 4.30500000e+09 -1.09396271e+02 
 4.31000000e+09 -1.07213439e+02 
 4.31500000e+09 -1.09060094e+02 
 4.32000000e+09 -1.07520156e+02 
 4.32500000e+09 -1.09465245e+02 
 4.33000000e+09 -1.08249502e+02 
 4.33500000e+09 -1.09267401e+02 
 4.34000000e+09 -1.07610826e+02 
 4.34500000e+09 -1.11062912e+02 
 4.35000000e+09 -1.08270670e+02 
 4.35500000e+09 -1.10160280e+02 
 4.36000000e+09 -1.08615702e+02 
 4.36500000e+09 -1.10245459e+02 
 4.37000000e+09 -1.09163587e+02 
 4.37500000e+09 -1.10596964e+02 
 4.38000000e+09 -1.09451325e+02 
 4.38500000e+09 -1.10680768e+02 
 4.39000000e+09 -1.09310879e+02 
 4.39500000e+09 -1.13567955e+02 
 4.40000000e+09 -1.08208875e+02 
 4.40500000e+09 -1.16172795e+02 
 4.41000000e+09 -1.08111983e+02 
 4.41500000e+09 -1.17022894e+02 
 4.42000000e+09 -1.08968115e+02 
 4.42500000e+09 -1.12948847e+02 
 4.43000000e+09 -1.10838356e+02 
 4.43500000e+09 -1.12674432e+02 
 4.44000000e+09 -1.12670857e+02 
 4.44500000e+09 -1.12956499e+02 
 4.45000000e+09 -1.12039493e+02 
 4.45500000e+09 -1.15601480e+02 
 4.46000000e+09 -1.09977430e+02 
 4.46500000e+09 -1.21362745e+02 
 4.47000000e+09 -1.08337056e+02 
 4.47500000e+09 -1.20567853e+02 
 4.48000000e+09 -1.06921382e+02 
 4.48500000e+09 -1.11954323e+02 
 4.49000000e+09 -1.08944532e+02 
 4.49500000e+09 -9.54452730e+01 
 4.50000000e+09 -1.02884745e+02 
 4.50500000e+09 -8.07776727e+01 
 4.51000000e+09 -7.56680691e+01 
 4.51500000e+09 -5.69799286e+01 
 4.52000000e+09 -5.34264414e+01 
 4.52500000e+09 -5.09681289e+01 
 4.53000000e+09 -4.81937057e+01 
 4.53500000e+09 -5.65363010e+01 
 4.54000000e+09 -7.47614117e+01 
 4.54500000e+09 -8.39007721e+01 
 4.55000000e+09 -9.38090402e+01 
 4.55500000e+09 -1.15029413e+02 
 4.56000000e+09 -1.04623901e+02 
 4.56500000e+09 -1.14042164e+02 
 4.57000000e+09 -1.03528854e+02 
 4.57500000e+09 -1.26231471e+02 
 4.58000000e+09 -1.07554289e+02 
 4.58500000e+09 -1.17211342e+02 
 4.59000000e+09 -1.08497071e+02 
 4.59500000e+09 -1.12415838e+02 
 4.60000000e+09 -1.14065348e+02 
 4.60500000e+09 -1.11647177e+02 
 4.61000000e+09 -1.12134822e+02 
 4.61500000e+09 -1.13506960e+02 
 4.62000000e+09 -1.10682441e+02 
 4.62500000e+09 -1.16670451e+02 
 4.63000000e+09 -1.08346171e+02 
 4.63500000e+09 -1.19643415e+02 
 4.64000000e+09 -1.10970084e+02 
 4.64500000e+09 -1.14087250e+02 
 4.65000000e+09 -1.11760559e+02 
 4.65500000e+09 -1.13240658e+02 
 4.66000000e+09 -1.13810514e+02 
 4.66500000e+09 -1.11763277e+02 
 4.67000000e+09 -1.14372103e+02 
 4.67500000e+09 -1.11288823e+02 
 4.68000000e+09 -1.12762235e+02 
 4.68500000e+09 -1.14070653e+02 
 4.69000000e+09 -1.12434156e+02 
 4.69500000e+09 -1.13440984e+02 
 4.70000000e+09 -1.12155897e+02 
 4.70500000e+09 -1.14095853e+02 
 4.71000000e+09 -1.13832314e+02 
 4.71500000e+09 -1.11169339e+02 
 4.72000000e+09 -1.14501170e+02 
 4.72500000e+09 -1.11513874e+02 
 4.73000000e+09 -1.15220622e+02 
 4.73500000e+09 -1.11628142e+02 
 4.74000000e+09 -1.13652721e+02 
 4.74500000e+09 -1.11942903e+02 
 4.75000000e+09 -1.14337110e+02 
 4.75500000e+09 -1.13666244e+02 
 4.76000000e+09 -1.12002426e+02 
 4.76500000e+09 -1.13261133e+02 
 4.77000000e+09 -1.14038096e+02 
 4.77500000e+09 -1.11485459e+02 
 4.78000000e+09 -1.14202399e+02 
 4.78500000e+09 -1.11891496e+02 
 4.79000000e+09 -1.14924796e+02 
 4.79500000e+09 -1.10889680e+02 
 4.80000000e+09 -1.15142994e+02 
 4.80500000e+09 -1.11902289e+02 
 4.81000000e+09 -1.13804773e+02 
 4.81500000e+09 -1.11762238e+02 
 4.82000000e+09 -1.13928622e+02 
 4.82500000e+09 -1.12098343e+02 
 4.83000000e+09 -1.12803394e+02 
 4.83500000e+09 -1.12111872e+02 
 4.84000000e+09 -1.13507900e+02 
 4.84500000e+09 -1.11371834e+02 
 4.85000000e+09 -1.14059562e+02 
 4.85500000e+09 -1.11333175e+02 
 4.86000000e+09 -1.13188624e+02 
 4.86500000e+09 -1.11821370e+02 
 4.87000000e+09 -1.13597642e+02 
 4.87500000e+09 -1.11825875e+02 
 4.88000000e+09 -1.13321438e+02 
 4.88500000e+09 -1.11426274e+02 
 4.89000000e+09 -1.13175786e+02 
 4.89500000e+09 -1.11374144e+02 
 4.90000000e+09 -1.13375403e+02 
 4.90500000e+09 -1.10920379e+02 
 4.91000000e+09 -1.13602073e+02 
 4.91500000e+09 -1.10705974e+02 
 4.92000000e+09 -1.12639596e+02 
 4.92500000e+09 -1.11219552e+02 
 4.93000000e+09 -1.11990988e+02 
 4.93500000e+09 -1.10784078e+02 
 4.94000000e+09 -1.12246698e+02 
 4.94500000e+09 -1.11041896e+02 
 4.95000000e+09 -1.11554781e+02 
 4.95500000e+09 -1.09457136e+02 
 4.96000000e+09 -1.11977009e+02 
 4.96500000e+09 -1.10359540e+02 
 4.97000000e+09 -1.10652824e+02 
 4.97500000e+09 -1.08723228e+02 
 4.98000000e+09 -1.11034251e+02 
 4.98500000e+09 -1.09595343e+02 
 4.99000000e+09 -1.09376344e+02 
 4.99500000e+09 -1.08612215e+02 
 5.00000000e+09 -1.09518225e+02 
 5.00500000e+09 -1.08496860e+02 
 5.01000000e+09 -1.09326682e+02 
 5.01500000e+09 -1.06568341e+02 
 5.02000000e+09 -1.09251097e+02 
 5.02500000e+09 -1.07113403e+02 
 5.03000000e+09 -1.08248553e+02 
 5.03500000e+09 -1.06927398e+02 
 5.04000000e+09 -1.07386806e+02 
 5.04500000e+09 -1.06739573e+02 
 5.05000000e+09 -1.06931684e+02 
 5.05500000e+09 -1.07922851e+02 
 5.06000000e+09 -1.05362949e+02 
 5.06500000e+09 -1.05111974e+02 
 5.07000000e+09 -1.06790181e+02 
 5.07500000e+09 -1.06032796e+02 
 5.08000000e+09 -1.05166843e+02 
 5.08500000e+09 -1.04447280e+02 
 5.09000000e+09 -1.07090272e+02 
 5.09500000e+09 -1.06662105e+02 
 5.10000000e+09 -1.03351856e+02 
 5.10500000e+09 -1.05961492e+02 
 5.11000000e+09 -1.03154610e+02 
 5.11500000e+09 -1.04541733e+02 
 5.12000000e+09 -1.02613073e+02 
 5.12500000e+09 -1.03031166e+02 
 5.13000000e+09 -9.73759828e+01 
 5.13500000e+09 -9.80533287e+01 
 5.14000000e+09 -9.77009289e+01 
 5.14500000e+09 -9.87705278e+01 
 5.15000000e+09 -8.28847961e+01 
 5.15500000e+09 -7.23045759e+01 
 5.16000000e+09 -6.38708431e+01 
 5.16500000e+09 -3.39438157e+01 
 5.17000000e+09 -2.71862592e+01 
 5.17500000e+09 -3.23311638e+01 
 5.18000000e+09 -5.66460461e+01 
 5.18500000e+09 -6.49836418e+01 
 5.19000000e+09 -7.83213222e+01 
 5.19500000e+09 -8.38911758e+01 
 5.20000000e+09 -1.01274468e+02 
 5.20500000e+09 -9.72643640e+01 
 5.21000000e+09 -9.83167689e+01 
 5.21500000e+09 -1.08813012e+02 
 5.22000000e+09 -1.01724455e+02 
 5.22500000e+09 -1.04132368e+02 
 5.23000000e+09 -1.02961795e+02 
 5.23500000e+09 -1.03033741e+02 
 5.24000000e+09 -1.06153629e+02 
 5.24500000e+09 -1.02519430e+02 
 5.25000000e+09 -1.04122443e+02 
 5.25500000e+09 -1.04988769e+02 
 5.26000000e+09 -1.04486051e+02 
 5.26500000e+09 -1.05200627e+02 
 5.27000000e+09 -1.04004146e+02 
 5.27500000e+09 -1.06484624e+02 
 5.28000000e+09 -1.05609502e+02 
 5.28500000e+09 -1.05042333e+02 
 5.29000000e+09 -1.07218782e+02 
 5.29500000e+09 -1.05034233e+02 
 5.30000000e+09 -1.07539914e+02 
 5.30500000e+09 -1.06478407e+02 
 5.31000000e+09 -1.07451115e+02 
 5.31500000e+09 -1.07260261e+02 
 5.32000000e+09 -1.07457138e+02 
 5.32500000e+09 -1.08825088e+02 
 5.33000000e+09 -1.07867963e+02 
 5.33500000e+09 -1.09110055e+02 
 5.34000000e+09 -1.08795642e+02 
 5.34500000e+09 -1.08536990e+02 
 5.35000000e+09 -1.10467042e+02 
 5.35500000e+09 -1.08498333e+02 
 5.36000000e+09 -1.10903939e+02 
 5.36500000e+09 -1.09608861e+02 
 5.37000000e+09 -1.10984438e+02 
 5.37500000e+09 -1.10356983e+02 
 5.38000000e+09 -1.10953250e+02 
 5.38500000e+09 -1.11286475e+02 
 5.39000000e+09 -1.11171680e+02 
 5.39500000e+09 -1.11348299e+02 
 5.40000000e+09 -1.12053503e+02 
 5.40500000e+09 -1.11214697e+02 
 5.41000000e+09 -1.12219298e+02 
 5.41500000e+09 -1.11452902e+02 
 5.42000000e+09 -1.12946421e+02 
 5.42500000e+09 -1.11477199e+02 
 5.43000000e+09 -1.12634358e+02 
 5.43500000e+09 -1.12886369e+02 
 5.44000000e+09 -1.11951267e+02 
 5.44500000e+09 -1.12556227e+02 
 5.45000000e+09 -1.12978866e+02 
 5.45500000e+09 -1.12467681e+02 
 5.46000000e+09 -1.13397872e+02 
 5.46500000e+09 -1.12356698e+02 
 5.47000000e+09 -1.13303085e+02 
 5.47500000e+09 -1.12451268e+02 
 5.48000000e+09 -1.13574659e+02 
 5.48500000e+09 -1.12798797e+02 
 5.49000000e+09 -1.13491218e+02 
 5.49500000e+09 -1.13640385e+02 
 5.50000000e+09 -1.12822294e+02 
 5.50500000e+09 -1.14377598e+02 
 5.51000000e+09 -1.13261162e+02 
 5.51500000e+09 -1.13695752e+02 
 5.52000000e+09 -1.14146979e+02 
 5.52500000e+09 -1.13669754e+02 
 5.53000000e+09 -1.14483784e+02 
 5.53500000e+09 -1.13337361e+02 
 5.54000000e+09 -1.13900767e+02 
 5.54500000e+09 -1.15063967e+02 
 5.55000000e+09 -1.13417052e+02 
 5.55500000e+09 -1.15054240e+02 
 5.56000000e+09 -1.13707242e+02 
 5.56500000e+09 -1.15658860e+02 
 5.57000000e+09 -1.13627611e+02 
 5.57500000e+09 -1.15793337e+02 
 5.58000000e+09 -1.15204198e+02 
 5.58500000e+09 -1.13708835e+02 
 5.59000000e+09 -1.15710601e+02 
 5.59500000e+09 -1.14856185e+02 
 5.60000000e+09 -1.14119207e+02 
 5.60500000e+09 -1.15699188e+02 
 5.61000000e+09 -1.14291813e+02 
 5.61500000e+09 -1.17549089e+02 
 5.62000000e+09 -1.13218340e+02 
 5.62500000e+09 -1.17837770e+02 
 5.63000000e+09 -1.14291750e+02 
 5.63500000e+09 -1.16664872e+02 
 5.64000000e+09 -1.14703494e+02 
 5.64500000e+09 -1.14987891e+02 
 5.65000000e+09 -1.16382533e+02 
 5.65500000e+09 -1.15219536e+02 
 5.66000000e+09 -1.15729661e+02 
 5.66500000e+09 -1.15857121e+02 
 5.67000000e+09 -1.14742945e+02 
 5.67500000e+09 -1.19754630e+02 
 5.68000000e+09 -1.13308747e+02 
 5.68500000e+09 -1.19288900e+02 
 5.69000000e+09 -1.13789906e+02 
 5.69500000e+09 -1.18094091e+02 
 5.70000000e+09 -1.14513860e+02 
 5.70500000e+09 -1.18953802e+02 
 5.71000000e+09 -1.13363682e+02 
 5.71500000e+09 -1.16375785e+02 
 5.72000000e+09 -1.17856774e+02 
 5.72500000e+09 -1.20770187e+02 
 5.73000000e+09 -1.11811095e+02 
 5.73500000e+09 -1.23675487e+02 
 5.74000000e+09 -1.13116570e+02 
 5.74500000e+09 -1.23146314e+02 
 5.75000000e+09 -1.11760267e+02 
 5.75500000e+09 -1.23125390e+02 
 5.76000000e+09 -1.13136111e+02 
 5.76500000e+09 -1.22380560e+02 
 5.77000000e+09 -1.13093135e+02 
 5.77500000e+09 -1.15653298e+02 
 5.78000000e+09 -1.15944075e+02 
 5.78500000e+09 -1.09256434e+02 
 5.79000000e+09 -9.15822843e+01 
 5.79500000e+09 -8.58886738e+01 
 5.80000000e+09 -7.49903098e+01 
 5.80500000e+09 -6.37971424e+01 
 5.81000000e+09 -5.29824161e+01 
 5.81500000e+09 -5.83390645e+01 
 5.82000000e+09 -5.04719723e+01 
 5.82500000e+09 -5.18829810e+01 
 5.83000000e+09 -6.89384721e+01 
 5.83500000e+09 -7.74721973e+01 
 5.84000000e+09 -9.38264957e+01 
 5.84500000e+09 -9.33030634e+01 
 5.85000000e+09 -1.10092065e+02 
 5.85500000e+09 -1.09745292e+02 
 5.86000000e+09 -1.14962594e+02 
 5.86500000e+09 -1.16093117e+02 
 5.87000000e+09 -1.17211710e+02 
 5.87500000e+09 -1.20040349e+02 
 5.88000000e+09 -1.16728190e+02 
 5.88500000e+09 -1.28807297e+02 
 5.89000000e+09 -1.20216016e+02 
 5.89500000e+09 -1.27317172e+02 
 5.90000000e+09 -1.18498979e+02 
 5.90500000e+09 -1.28034540e+02 
 5.91000000e+09 -1.20399153e+02 
 5.91500000e+09 -1.18870164e+02 
 5.92000000e+09 -1.17298889e+02 
 5.92500000e+09 -1.40971643e+02 
 5.93000000e+09 -1.16851981e+02 
 5.93500000e+09 -1.23150436e+02 
 5.94000000e+09 -1.18342600e+02 
 5.94500000e+09 -1.25849815e+02 
 5.95000000e+09 -1.19163464e+02 
 5.95500000e+09 -1.22641915e+02 
 5.96000000e+09 -1.20290073e+02 
 5.96500000e+09 -1.18845401e+02 
 5.97000000e+09 -1.23322001e+02 
 5.97500000e+09 -1.19854215e+02 
 5.98000000e+09 -1.22212672e+02 
 5.98500000e+09 -1.20288667e+02 
 5.99000000e+09 -1.21726082e+02 
 5.99500000e+09 -1.23309016e+02 
 6.00000000e+09 -1.22003041e+02 
 6.00500000e+09 -1.21129669e+02 
 6.01000000e+09 -1.22008279e+02 
 6.01500000e+09 -1.22973347e+02 
 6.02000000e+09 -1.22553091e+02 
 6.02500000e+09 -1.20145595e+02 
 6.03000000e+09 -1.23100098e+02 
 6.03500000e+09 -1.22720927e+02 
 6.04000000e+09 -1.26070754e+02 
 6.04500000e+09 -1.20247020e+02 
 6.05000000e+09 -1.27005205e+02 
 6.05500000e+09 -1.23830611e+02 
 6.06000000e+09 -1.24262491e+02 
 6.06500000e+09 -1.21614985e+02 
 6.07000000e+09 -1.26861400e+02 
 6.07500000e+09 -1.22155582e+02 
 6.08000000e+09 -1.27696580e+02 
 6.08500000e+09 -1.22681951e+02 
 6.09000000e+09 -1.28424931e+02 
 6.09500000e+09 -1.22576917e+02 
 6.10000000e+09 -1.41444854e+02 
 6.10500000e+09 -1.22356606e+02 
 6.11000000e+09 -1.39689843e+02 
 6.11500000e+09 -1.21533393e+02 
 6.12000000e+09 -1.29528437e+02 
 6.12500000e+09 -1.23698016e+02 
 6.13000000e+09 -1.38659405e+02 
 6.13500000e+09 -1.26203142e+02 
 6.14000000e+09 -1.19581347e+02 
 6.14500000e+09 -1.19542616e+02 
 6.15000000e+09 -1.41174838e+02 
 6.15500000e+09 -1.29088134e+02 
 6.16000000e+09 -1.28978572e+02 
 6.16500000e+09 -1.28111314e+02 
 6.17000000e+09 -1.26255857e+02 
 6.17500000e+09 -1.23750627e+02 
 6.18000000e+09 -1.23386346e+02 
 6.18500000e+09 -1.21402704e+02 
 6.19000000e+09 -1.26312152e+02 
 6.19500000e+09 -1.22449257e+02 
 6.20000000e+09 -1.26866860e+02 
 6.20500000e+09 -1.21698981e+02 
 6.21000000e+09 -1.25393201e+02 
 6.21500000e+09 -1.25064211e+02 
 6.22000000e+09 -1.23018655e+02 
 6.22500000e+09 -1.24791677e+02 
 6.23000000e+09 -1.19383054e+02 
 6.23500000e+09 -1.24762419e+02 
 6.24000000e+09 -1.18030465e+02 
 6.24500000e+09 -1.19892142e+02 
 6.25000000e+09 -1.18772318e+02 
 6.25500000e+09 -1.19287752e+02 
 6.26000000e+09 -1.19793813e+02 
 6.26500000e+09 -1.19184924e+02 
 6.27000000e+09 -1.19237316e+02 
 6.27500000e+09 -1.20868932e+02 
 6.28000000e+09 -1.16456794e+02 
 6.28500000e+09 -1.22115450e+02 
 6.29000000e+09 -1.13160756e+02 
 6.29500000e+09 -1.21738504e+02 
 6.30000000e+09 -1.12888887e+02 
 6.30500000e+09 -1.17353711e+02 
 6.31000000e+09 -1.10938789e+02 
 6.31500000e+09 -1.13128479e+02 
 6.32000000e+09 -1.14355898e+02 
 6.32500000e+09 -1.11880285e+02 
 6.33000000e+09 -1.10812306e+02 
 6.33500000e+09 -1.10517338e+02 
 6.34000000e+09 -1.09523629e+02 
 6.34500000e+09 -1.10608814e+02 
 6.35000000e+09 -1.04885613e+02 
 6.35500000e+09 -1.09719084e+02 
 6.36000000e+09 -1.03851587e+02 
 6.36500000e+09 -1.07355973e+02 
 6.37000000e+09 -1.01964729e+02 
 6.37500000e+09 -1.04708519e+02 
 6.38000000e+09 -1.00792033e+02 
 6.38500000e+09 -1.01331315e+02 
 6.39000000e+09 -9.91851230e+01 
 6.39500000e+09 -9.96628680e+01 
 6.40000000e+09 -9.43533054e+01 
 6.40500000e+09 -9.72854999e+01 
 6.41000000e+09 -9.31399318e+01 
 6.41500000e+09 -9.24588844e+01 
 6.42000000e+09 -8.74060709e+01 
 6.42500000e+09 -8.71641295e+01 
 6.43000000e+09 -8.37980432e+01 
 6.43500000e+09 -7.94966100e+01 
 6.44000000e+09 -7.09441341e+01 
 6.44500000e+09 -6.86967959e+01 
 6.45000000e+09 -5.48765915e+01 
 6.45500000e+09 -4.19696499e+01 
 6.46000000e+09 -2.63208314e+01 
 6.46500000e+09 -2.54779947e+01 
 6.47000000e+09 -3.79113271e+01 
 6.47500000e+09 -5.45161158e+01 
 6.48000000e+09 -6.38085319e+01 
 6.48500000e+09 -7.49349552e+01 
 6.49000000e+09 -7.68954726e+01 
 6.49500000e+09 -8.20020613e+01 
 6.50000000e+09 -8.49383534e+01 
 6.50500000e+09 -9.04515105e+01 
 6.51000000e+09 -8.98997045e+01 
 6.51500000e+09 -9.33076666e+01 
 6.52000000e+09 -9.31360413e+01 
 6.52500000e+09 -9.87976379e+01 
 6.53000000e+09 -9.57036017e+01 
 6.53500000e+09 -9.83060051e+01 
 6.54000000e+09 -9.80392805e+01 
 6.54500000e+09 -1.01852087e+02 
 6.55000000e+09 -9.88974079e+01 
 6.55500000e+09 -1.02667434e+02 
 6.56000000e+09 -1.00435333e+02 
 6.56500000e+09 -1.03909433e+02 
 6.57000000e+09 -1.01373877e+02 
 6.57500000e+09 -1.05861045e+02 
 6.58000000e+09 -1.02360861e+02 
 6.58500000e+09 -1.04534926e+02 
 6.59000000e+09 -1.04085096e+02 
 6.59500000e+09 -1.06208099e+02 
 6.60000000e+09 -1.04352797e+02 
 6.60500000e+09 -1.05322639e+02 
 6.61000000e+09 -1.05447796e+02 
 6.61500000e+09 -1.07180735e+02 
 6.62000000e+09 -1.05132484e+02 
 6.62500000e+09 -1.06788267e+02 
 6.63000000e+09 -1.05698427e+02 
 6.63500000e+09 -1.08066961e+02 
 6.64000000e+09 -1.05477782e+02 
 6.64500000e+09 -1.07671205e+02 
 6.65000000e+09 -1.05876833e+02 
 6.65500000e+09 -1.07904477e+02 
 6.66000000e+09 -1.06433734e+02 
 6.66500000e+09 -1.07750762e+02 
 6.67000000e+09 -1.06600885e+02 
 6.67500000e+09 -1.07778072e+02 
 6.68000000e+09 -1.07351402e+02 
 6.68500000e+09 -1.07821191e+02 
 6.69000000e+09 -1.07321252e+02 
 6.69500000e+09 -1.07826362e+02 
 6.70000000e+09 -1.07912584e+02 
 6.70500000e+09 -1.08075789e+02 
 6.71000000e+09 -1.07556023e+02 
 6.71500000e+09 -1.08425352e+02 
 6.72000000e+09 -1.07968340e+02 
 6.72500000e+09 -1.08643736e+02 
 6.73000000e+09 -1.08402085e+02 
 6.73500000e+09 -1.08730033e+02 
 6.74000000e+09 -1.08263541e+02 
 6.74500000e+09 -1.09166832e+02 
 6.75000000e+09 -1.09163193e+02 
 6.75500000e+09 -1.08697229e+02 
 6.76000000e+09 -1.09163754e+02 
 6.76500000e+09 -1.09235776e+02 
 6.77000000e+09 -1.09457016e+02 
 6.77500000e+09 -1.09359078e+02 
 6.78000000e+09 -1.10343373e+02 
 6.78500000e+09 -1.08883020e+02 
 6.79000000e+09 -1.10235422e+02 
 6.79500000e+09 -1.09817020e+02 
 6.80000000e+09 -1.10534685e+02 
 6.80500000e+09 -1.09254449e+02 
 6.81000000e+09 -1.10762938e+02 
 6.81500000e+09 -1.09972268e+02 
 6.82000000e+09 -1.10772873e+02 
 6.82500000e+09 -1.09787072e+02 
 6.83000000e+09 -1.11061853e+02 
 6.83500000e+09 -1.10219278e+02 
 6.84000000e+09 -1.10756123e+02 
 6.84500000e+09 -1.10870697e+02 
 6.85000000e+09 -1.11066206e+02 
 6.85500000e+09 -1.09978078e+02 
 6.86000000e+09 -1.11614631e+02 
 6.86500000e+09 -1.10434016e+02 
 6.87000000e+09 -1.11705314e+02 
 6.87500000e+09 -1.10313349e+02 
 6.88000000e+09 -1.11968396e+02 
 6.88500000e+09 -1.10290357e+02 
 6.89000000e+09 -1.12291586e+02 
 6.89500000e+09 -1.10747458e+02 
 6.90000000e+09 -1.11765175e+02 
 6.90500000e+09 -1.10662677e+02 
 6.91000000e+09 -1.12584412e+02 
 6.91500000e+09 -1.10782626e+02 
 6.92000000e+09 -1.12291977e+02 
 6.92500000e+09 -1.10704833e+02 
 6.93000000e+09 -1.13344848e+02 
 6.93500000e+09 -1.11162046e+02 
 6.94000000e+09 -1.12188637e+02 
 6.94500000e+09 -1.11742039e+02 
 6.95000000e+09 -1.12396370e+02 
 6.95500000e+09 -1.11861219e+02 
 6.96000000e+09 -1.12545656e+02 
 6.96500000e+09 -1.11782559e+02 
 6.97000000e+09 -1.13586277e+02 
 6.97500000e+09 -1.11446933e+02 
 6.98000000e+09 -1.14596669e+02 
 6.98500000e+09 -1.11021745e+02 
 6.99000000e+09 -1.16022643e+02 
 6.99500000e+09 -1.11044149e+02 
 7.00000000e+09 -1.15333734e+02 
 7.00500000e+09 -1.12510610e+02 
 7.01000000e+09 -1.12854295e+02 
 7.01500000e+09 -1.13865860e+02 
 7.02000000e+09 -1.15281683e+02 
 7.02500000e+09 -1.13405099e+02 
 7.03000000e+09 -1.14321042e+02 
 7.03500000e+09 -1.14715926e+02 
 7.04000000e+09 -1.21160992e+02 
 7.04500000e+09 -1.12027229e+02 
 7.05000000e+09 -1.21533006e+02 
 7.05500000e+09 -1.14260078e+02 
 7.06000000e+09 -1.23825980e+02 
 7.06500000e+09 -1.12613122e+02 
 7.07000000e+09 -1.14675922e+02 
 7.07500000e+09 -1.20253402e+02 
 7.08000000e+09 -9.78803907e+01 
 7.08500000e+09 -1.10726987e+02 
 7.09000000e+09 -8.31811496e+01 
 7.09500000e+09 -7.95291802e+01 
 7.10000000e+09 -6.11583431e+01 
 7.10500000e+09 -5.68437178e+01 
 7.11000000e+09 -5.30441571e+01 
 7.11500000e+09 -5.08926972e+01 
 7.12000000e+09 -5.87272300e+01 
 7.12500000e+09 -8.08524496e+01 
 7.13000000e+09 -8.99301416e+01 
 7.13500000e+09 -1.01564449e+02 
 7.14000000e+09 -1.11824876e+02 
 7.14500000e+09 -1.09291256e+02 
 7.15000000e+09 -1.16629591e+02 
 7.15500000e+09 -1.09793517e+02 
 7.16000000e+09 -1.16755885e+02 
 7.16500000e+09 -1.12970311e+02 
 7.17000000e+09 -1.18646058e+02 
 7.17500000e+09 -1.17142592e+02 
 7.18000000e+09 -1.13697091e+02 
 7.18500000e+09 -1.19944843e+02 
 7.19000000e+09 -1.15460180e+02 
 7.19500000e+09 -1.14665046e+02 
 7.20000000e+09 -1.17668181e+02 
 7.20500000e+09 -1.15318693e+02 
 7.21000000e+09 -1.19404505e+02 
 7.21500000e+09 -1.12027260e+02 
 7.22000000e+09 -1.21676133e+02 
 7.22500000e+09 -1.17090427e+02 
 7.23000000e+09 -1.14818911e+02 
 7.23500000e+09 -1.15854248e+02 
 7.24000000e+09 -1.16596093e+02 
 7.24500000e+09 -1.18244571e+02 
 7.25000000e+09 -1.15144999e+02 
 7.25500000e+09 -1.17057017e+02 
 7.26000000e+09 -1.15408500e+02 
 7.26500000e+09 -1.16072374e+02 
 7.27000000e+09 -1.18687692e+02 
 7.27500000e+09 -1.15795686e+02 
 7.28000000e+09 -1.16742361e+02 
 7.28500000e+09 -1.16445902e+02 
 7.29000000e+09 -1.16458639e+02 
 7.29500000e+09 -1.18050476e+02 
 7.30000000e+09 -1.14828681e+02 
 7.30500000e+09 -1.17499350e+02 
 7.31000000e+09 -1.15601750e+02 
 7.31500000e+09 -1.18379645e+02 
 7.32000000e+09 -1.15764693e+02 
 7.32500000e+09 -1.16251535e+02 
 7.33000000e+09 -1.16845944e+02 
 7.33500000e+09 -1.17739610e+02 
 7.34000000e+09 -1.16820730e+02 
 7.34500000e+09 -1.15988617e+02 
 7.35000000e+09 -1.17493940e+02 
 7.35500000e+09 -1.18158041e+02 
 7.36000000e+09 -1.15029335e+02 
 7.36500000e+09 -1.18347947e+02 
 7.37000000e+09 -1.16709435e+02 
 7.37500000e+09 -1.17631492e+02 
 7.38000000e+09 -1.15819887e+02 
 7.38500000e+09 -1.17983624e+02 
 7.39000000e+09 -1.16505734e+02 
 7.39500000e+09 -1.17825780e+02 
 7.40000000e+09 -1.16949669e+02 
 7.40500000e+09 -1.17553629e+02 
 7.41000000e+09 -1.16592528e+02 
 7.41500000e+09 -1.17308093e+02 
 7.42000000e+09 -1.17099426e+02 
 7.42500000e+09 -1.17931091e+02 
 7.43000000e+09 -1.15876714e+02 
 7.43500000e+09 -1.17958331e+02 
 7.44000000e+09 -1.17169478e+02 
 7.44500000e+09 -1.17605014e+02 
 7.45000000e+09 -1.17237950e+02 
 7.45500000e+09 -1.18277686e+02 
 7.46000000e+09 -1.17658532e+02 
 7.46500000e+09 -1.18626317e+02 
 7.47000000e+09 -1.16471473e+02 
 7.47500000e+09 -1.18915860e+02 
 7.48000000e+09 -1.17201221e+02 
 7.48500000e+09 -1.17380741e+02 
 7.49000000e+09 -1.17432350e+02 
 7.49500000e+09 -1.18486874e+02 
 7.50000000e+09 -1.17095682e+02 
 7.50500000e+09 -1.16902730e+02 
 7.51000000e+09 -1.19534543e+02 
 7.51500000e+09 -1.17717237e+02 
 7.52000000e+09 -1.16724209e+02 
 7.52500000e+09 -1.20189782e+02 
 7.53000000e+09 -1.17095329e+02 
 7.53500000e+09 -1.17585641e+02 
 7.54000000e+09 -1.15614371e+02 
 7.54500000e+09 -1.19410566e+02 
 7.55000000e+09 -1.17291167e+02 
 7.55500000e+09 -1.16097702e+02 
 7.56000000e+09 -1.16381451e+02 
 7.56500000e+09 -1.17251996e+02 
 7.57000000e+09 -1.17642474e+02 
 7.57500000e+09 -1.15848343e+02 
 7.58000000e+09 -1.15168142e+02 
 7.58500000e+09 -1.17116103e+02 
 7.59000000e+09 -1.14707501e+02 
 7.59500000e+09 -1.17640904e+02 
 7.60000000e+09 -1.11964470e+02 
 7.60500000e+09 -1.17202152e+02 
 7.61000000e+09 -1.14085733e+02 
 7.61500000e+09 -1.14258683e+02 
 7.62000000e+09 -1.14688492e+02 
 7.62500000e+09 -1.13222241e+02 
 7.63000000e+09 -1.14078275e+02 
 7.63500000e+09 -1.13375537e+02 
 7.64000000e+09 -1.14763069e+02 
 7.64500000e+09 -1.11274216e+02 
 7.65000000e+09 -1.10095672e+02 
 7.65500000e+09 -1.15601748e+02 
 7.66000000e+09 -1.11061107e+02 
 7.66500000e+09 -1.12130468e+02 
 7.67000000e+09 -1.10749340e+02 
 7.67500000e+09 -1.14225565e+02 
 7.68000000e+09 -1.14219094e+02 
 7.68500000e+09 -1.08319532e+02 
 7.69000000e+09 -1.12800450e+02 
 7.69500000e+09 -1.06946706e+02 
 7.70000000e+09 -1.10174851e+02 
 7.70500000e+09 -1.07602685e+02 
 7.71000000e+09 -1.06430288e+02 
 7.71500000e+09 -1.00418078e+02 
 7.72000000e+09 -1.00716789e+02 
 7.72500000e+09 -1.02850387e+02 
 7.73000000e+09 -9.89949208e+01 
 7.73500000e+09 -8.37214135e+01 
 7.74000000e+09 -7.39153309e+01 
 7.74500000e+09 -6.47987393e+01 
 7.75000000e+09 -3.96911308e+01 
 7.75500000e+09 -3.25223737e+01 
 7.76000000e+09 -3.72644308e+01 
 7.76500000e+09 -5.82899535e+01 
 7.77000000e+09 -6.60914202e+01 
 7.77500000e+09 -8.03572834e+01 
 7.78000000e+09 -8.62362690e+01 
 7.78500000e+09 -1.02380619e+02 
 7.79000000e+09 -9.98972540e+01 
 7.79500000e+09 -1.00797230e+02 
 7.80000000e+09 -1.17071157e+02 
 7.80500000e+09 -1.06188049e+02 
 7.81000000e+09 -1.08250798e+02 
 7.81500000e+09 -1.06762079e+02 
 7.82000000e+09 -1.07790768e+02 
 7.82500000e+09 -1.11179954e+02 
 7.83000000e+09 -1.06695347e+02 
 7.83500000e+09 -1.08241005e+02 
 7.84000000e+09 -1.09653005e+02 
 7.84500000e+09 -1.08466794e+02 
 7.85000000e+09 -1.09541930e+02 
 7.85500000e+09 -1.08382499e+02 
 7.86000000e+09 -1.09877543e+02 
 7.86500000e+09 -1.09798550e+02 
 7.87000000e+09 -1.08788287e+02 
 7.87500000e+09 -1.11226812e+02 
 7.88000000e+09 -1.08928422e+02 
 7.88500000e+09 -1.11319808e+02 
 7.89000000e+09 -1.10470698e+02 
 7.89500000e+09 -1.10906162e+02 
 7.90000000e+09 -1.11238954e+02 
 7.90500000e+09 -1.11184120e+02 
 7.91000000e+09 -1.11955811e+02 
 7.91500000e+09 -1.11558599e+02 
 7.92000000e+09 -1.12502172e+02 
 7.92500000e+09 -1.12272773e+02 
 7.93000000e+09 -1.11952371e+02 
 7.93500000e+09 -1.13497981e+02 
 7.94000000e+09 -1.11978994e+02 
 7.94500000e+09 -1.14015895e+02 
 7.95000000e+09 -1.13223895e+02 
 7.95500000e+09 -1.13612624e+02 
 7.96000000e+09 -1.13429738e+02 
 7.96500000e+09 -1.14487849e+02 
 7.97000000e+09 -1.13641350e+02 
 7.97500000e+09 -1.14707388e+02 
 7.98000000e+09 -1.14411220e+02 
 7.98500000e+09 -1.14770469e+02 
 7.99000000e+09 -1.14326315e+02 
 7.99500000e+09 -1.15090490e+02 
 8.00000000e+09 -1.15054410e+02 
 8.00500000e+09 -1.14775009e+02 
 8.01000000e+09 -1.15365907e+02 
 8.01500000e+09 -1.15016732e+02 
 8.02000000e+09 -1.15663500e+02 
 8.02500000e+09 -1.15094665e+02 
 8.03000000e+09 -1.15689715e+02 
 8.03500000e+09 -1.16219622e+02 
 8.04000000e+09 -1.14988501e+02 
 8.04500000e+09 -1.16643073e+02 
 8.05000000e+09 -1.15893229e+02 
 8.05500000e+09 -1.15208072e+02 
 8.06000000e+09 -1.16247941e+02 
 8.06500000e+09 -1.15470175e+02 
 8.07000000e+09 -1.17027788e+02 
 8.07500000e+09 -1.15462120e+02 
 8.08000000e+09 -1.17188829e+02 
 8.08500000e+09 -1.15348073e+02 
 8.09000000e+09 -1.17567693e+02 
 8.09500000e+09 -1.16737762e+02 
 8.10000000e+09 -1.16522996e+02 
 8.10500000e+09 -1.16707782e+02 
 8.11000000e+09 -1.17156394e+02 
 8.11500000e+09 -1.15662747e+02 
 8.12000000e+09 -1.18240338e+02 
 8.12500000e+09 -1.15502349e+02 
 8.13000000e+09 -1.19225371e+02 
 8.13500000e+09 -1.15423026e+02 
 8.14000000e+09 -1.20118900e+02 
 8.14500000e+09 -1.16147472e+02 
 8.15000000e+09 -1.18019271e+02 
 8.15500000e+09 -1.17438415e+02 
 8.16000000e+09 -1.18171250e+02 
 8.16500000e+09 -1.17546296e+02 
 8.17000000e+09 -1.16976153e+02 
 8.17500000e+09 -1.17647046e+02 
 8.18000000e+09 -1.19247187e+02 
 8.18500000e+09 -1.15579752e+02 
 8.19000000e+09 -1.22987252e+02 
 8.19500000e+09 -1.15972797e+02 
 8.20000000e+09 -1.20969411e+02 
 8.20500000e+09 -1.16474405e+02 
 8.21000000e+09 -1.19810681e+02 
 8.21500000e+09 -1.17697524e+02 
 8.22000000e+09 -1.18234034e+02 
 8.22500000e+09 -1.19446295e+02 
 8.23000000e+09 -1.16630034e+02 
 8.23500000e+09 -1.20096293e+02 
 8.24000000e+09 -1.18987317e+02 
 8.24500000e+09 -1.18139265e+02 
 8.25000000e+09 -1.21461092e+02 
 8.25500000e+09 -1.16772143e+02 
 8.26000000e+09 -1.21247936e+02 
 8.26500000e+09 -1.17285833e+02 
 8.27000000e+09 -1.19338532e+02 
 8.27500000e+09 -1.17681392e+02 
 8.28000000e+09 -1.17843481e+02 
 8.28500000e+09 -1.20749262e+02 
 8.29000000e+09 -1.16794857e+02 
 8.29500000e+09 -1.18797778e+02 
 8.30000000e+09 -1.17733404e+02 
 8.30500000e+09 -1.19505465e+02 
 8.31000000e+09 -1.19051924e+02 
 8.31500000e+09 -1.15702457e+02 
 8.32000000e+09 -1.17381709e+02 
 8.32500000e+09 -1.15111970e+02 
 8.33000000e+09 -1.15605735e+02 
 8.33500000e+09 -1.18911426e+02 
 8.34000000e+09 -1.12727942e+02 
 8.34500000e+09 -1.19925026e+02 
 8.35000000e+09 -1.11809256e+02 
 8.35500000e+09 -1.14137868e+02 
 8.36000000e+09 -1.08445492e+02 
 8.36500000e+09 -1.13163080e+02 
 8.37000000e+09 -1.06077289e+02 
 8.37500000e+09 -9.52094022e+01 
 8.38000000e+09 -8.86463462e+01 
 8.38500000e+09 -8.29119412e+01 
 8.39000000e+09 -7.00510999e+01 
 8.39500000e+09 -5.86360760e+01 
 8.40000000e+09 -5.54052605e+01 
 8.40500000e+09 -4.36148878e+01 
 8.41000000e+09 -4.50726390e+01 
 8.41500000e+09 -6.18893821e+01 
 8.42000000e+09 -7.17463847e+01 
 8.42500000e+09 -8.82244949e+01 
 8.43000000e+09 -8.77358327e+01 
 8.43500000e+09 -9.99428721e+01 
 8.44000000e+09 -1.03085073e+02 
 8.44500000e+09 -1.08234912e+02 
 8.45000000e+09 -1.05644262e+02 
 8.45500000e+09 -1.14456993e+02 
 8.46000000e+09 -1.13228638e+02 
 8.46500000e+09 -1.33882400e+02 
 8.47000000e+09 -1.11939390e+02 
 8.47500000e+09 -1.25528778e+02 
 8.48000000e+09 -1.22565266e+02 
 8.48500000e+09 -1.24438332e+02 
 8.49000000e+09 -1.26090836e+02 
 8.49500000e+09 -1.41508486e+02 
 8.50000000e+09 -1.22515327e+02 
 8.50500000e+09 -1.36027168e+02 
 8.51000000e+09 -1.26826145e+02 
 8.51500000e+09 -1.26287094e+02 
 8.52000000e+09 -1.28288546e+02 
 8.52500000e+09 -1.28255132e+02 
 8.53000000e+09 -1.30824872e+02 
 8.53500000e+09 -1.28851659e+02 
 8.54000000e+09 -1.31296230e+02 
 8.54500000e+09 -1.30186215e+02 
 8.55000000e+09 -1.21741355e+02 
 8.55500000e+09 -1.40939829e+02 
 8.56000000e+09 -1.23631953e+02 
 8.56500000e+09 -1.32514166e+02 
 8.57000000e+09 -1.26034908e+02 
 8.57500000e+09 -1.28091852e+02 
 8.58000000e+09 -1.30996538e+02 
 8.58500000e+09 -1.30177103e+02 
 8.59000000e+09 -1.28570365e+02 
 8.59500000e+09 -1.32212774e+02 
 8.60000000e+09 -1.28380752e+02 
 8.60500000e+09 -1.34460984e+02 
 8.61000000e+09 -1.24593972e+02 
 8.61500000e+09 -1.40554947e+02 
 8.62000000e+09 -1.24457266e+02 
 8.62500000e+09 -1.30523393e+02 
 8.63000000e+09 -1.26381916e+02 
 8.63500000e+09 -1.25891439e+02 
 8.64000000e+09 -1.28547182e+02 
 8.64500000e+09 -1.30285082e+02 
 8.65000000e+09 -1.30952181e+02 
 8.65500000e+09 -1.31223543e+02 
 8.66000000e+09 -1.27995470e+02 
 8.66500000e+09 -1.34422338e+02 
 8.67000000e+09 -1.27304914e+02 
 8.67500000e+09 -1.38541461e+02 
 8.68000000e+09 -1.26664962e+02 
 8.68500000e+09 -1.26472471e+02 
 8.69000000e+09 -1.25529270e+02 
 8.69500000e+09 -1.25862207e+02 
 8.70000000e+09 -1.27350243e+02 
 8.70500000e+09 -1.25028102e+02 
 8.71000000e+09 -1.31591360e+02 
 8.71500000e+09 -1.30763208e+02 
 8.72000000e+09 -1.31913277e+02 
 8.72500000e+09 -1.21740622e+02 
 8.73000000e+09 -1.22694637e+02 
 8.73500000e+09 -1.31431607e+02 
 8.74000000e+09 -1.33233471e+02 
 8.74500000e+09 -1.30822010e+02 
 8.75000000e+09 -1.27463310e+02 
 8.75500000e+09 -1.27401279e+02 
 8.76000000e+09 -1.28833955e+02 
 8.76500000e+09 -1.26912853e+02 
 8.77000000e+09 -1.28724568e+02 
 8.77500000e+09 -1.28545298e+02 
 8.78000000e+09 -1.43441012e+02 
 8.78500000e+09 -1.31666982e+02 
 8.79000000e+09 -1.40528153e+02 
 8.79500000e+09 -1.29795758e+02 
 8.80000000e+09 -1.41835042e+02 
 8.80500000e+09 -1.34962097e+02 
 8.81000000e+09 -1.40727738e+02 
 8.81500000e+09 -1.28973871e+02 
 8.82000000e+09 -1.30489207e+02 
 8.82500000e+09 -1.27753656e+02 
 8.83000000e+09 -1.31925143e+02 
 8.83500000e+09 -1.27738974e+02 
 8.84000000e+09 -1.31341984e+02 
 8.84500000e+09 -1.30695193e+02 
 8.85000000e+09 -1.35763346e+02 
 8.85500000e+09 -1.33769705e+02 
 8.86000000e+09 -1.35807622e+02 
 8.86500000e+09 -1.32211756e+02 
 8.87000000e+09 -1.43569166e+02 
 8.87500000e+09 -1.26019830e+02 
 8.88000000e+09 -1.45845207e+02 
 8.88500000e+09 -1.24853993e+02 
 8.89000000e+09 -1.31745113e+02 
 8.89500000e+09 -1.23229382e+02 
 8.90000000e+09 -1.24724720e+02 
 8.90500000e+09 -1.26478638e+02 
 8.91000000e+09 -1.23933827e+02 
 8.91500000e+09 -1.25553721e+02 
 8.92000000e+09 -1.23000346e+02 
 8.92500000e+09 -1.24156417e+02 
 8.93000000e+09 -1.23499341e+02 
 8.93500000e+09 -1.17979226e+02 
 8.94000000e+09 -1.23479124e+02 
 8.94500000e+09 -1.16865005e+02 
 8.95000000e+09 -1.21989657e+02 
 8.95500000e+09 -1.15742700e+02 
 8.96000000e+09 -1.19053206e+02 
 8.96500000e+09 -1.13982661e+02 
 8.97000000e+09 -1.15294964e+02 
 8.97500000e+09 -1.13085552e+02 
 8.98000000e+09 -1.13905218e+02 
 8.98500000e+09 -1.06667000e+02 
 8.99000000e+09 -1.13454281e+02 
 8.99500000e+09 -1.06636037e+02 
 9.00000000e+09 -1.06964866e+02 
 9.00500000e+09 -1.00196841e+02 
 9.01000000e+09 -1.01688407e+02 
 9.01500000e+09 -9.75646846e+01 
 9.02000000e+09 -9.35768812e+01 
 9.02500000e+09 -8.32997561e+01 
 9.03000000e+09 -8.27163606e+01 
 9.03500000e+09 -6.73765591e+01 
 9.04000000e+09 -5.60241574e+01 
 9.04500000e+09 -3.97521629e+01 
 9.05000000e+09 -3.85794027e+01 
 9.05500000e+09 -5.04463054e+01 
 9.06000000e+09 -6.16605027e+01 
 9.06500000e+09 -7.22101756e+01 
 9.07000000e+09 -8.84891213e+01 
 9.07500000e+09 -8.76832353e+01 
 9.08000000e+09 -9.34368617e+01 
 9.08500000e+09 -9.86098461e+01 
 9.09000000e+09 -1.04808202e+02 
 9.09500000e+09 -1.02791943e+02 
 9.10000000e+09 -1.07580889e+02 
 9.10500000e+09 -1.06184162e+02 
 9.11000000e+09 -1.15020191e+02 
 9.11500000e+09 -1.08308443e+02 
 9.12000000e+09 -1.14012512e+02 
 9.12500000e+09 -1.11371788e+02 
 9.13000000e+09 -1.15070154e+02 
 9.13500000e+09 -1.13073316e+02 
 9.14000000e+09 -1.15930410e+02 
 9.14500000e+09 -1.14886575e+02 
 9.15000000e+09 -1.18701540e+02 
 9.15500000e+09 -1.15299561e+02 
 9.16000000e+09 -1.21352919e+02 
 9.16500000e+09 -1.15531655e+02 
 9.17000000e+09 -1.20925187e+02 
 9.17500000e+09 -1.17602283e+02 
 9.18000000e+09 -1.20238360e+02 
 9.18500000e+09 -1.18827551e+02 
 9.19000000e+09 -1.19108781e+02 
 9.19500000e+09 -1.21140393e+02 
 9.20000000e+09 -1.19967193e+02 
 9.20500000e+09 -1.21512607e+02 
 9.21000000e+09 -1.20545096e+02 
 9.21500000e+09 -1.20848422e+02 
 9.22000000e+09 -1.23958500e+02 
 9.22500000e+09 -1.18578013e+02 
 9.23000000e+09 -1.23371021e+02 
 9.23500000e+09 -1.19942331e+02 
 9.24000000e+09 -1.22404535e+02 
 9.24500000e+09 -1.21598561e+02 
 9.25000000e+09 -1.20979502e+02 
 9.25500000e+09 -1.22689775e+02 
 9.26000000e+09 -1.20566171e+02 
 9.26500000e+09 -1.26272834e+02 
 9.27000000e+09 -1.20156457e+02 
 9.27500000e+09 -1.23574978e+02 
 9.28000000e+09 -1.22153045e+02 
 9.28500000e+09 -1.21961267e+02 
 9.29000000e+09 -1.22531033e+02 
 9.29500000e+09 -1.22483221e+02 
 9.30000000e+09 -1.23326330e+02 
 9.30500000e+09 -1.23064256e+02 
 9.31000000e+09 -1.22153852e+02 
 9.31500000e+09 -1.25928011e+02 
 9.32000000e+09 -1.21497882e+02 
 9.32500000e+09 -1.25144505e+02 
 9.33000000e+09 -1.22127049e+02 
 9.33500000e+09 -1.25672892e+02 
 9.34000000e+09 -1.21972429e+02 
 9.34500000e+09 -1.24304084e+02 
 9.35000000e+09 -1.23987312e+02 
 9.35500000e+09 -1.23774756e+02 
 9.36000000e+09 -1.24373281e+02 
 9.36500000e+09 -1.26106126e+02 
 9.37000000e+09 -1.22609890e+02 
 9.37500000e+09 -1.26047064e+02 
 9.38000000e+09 -1.23164008e+02 
 9.38500000e+09 -1.26531344e+02 
 9.39000000e+09 -1.23101536e+02 
 9.39500000e+09 -1.25614520e+02 
 9.40000000e+09 -1.23678955e+02 
 9.40500000e+09 -1.25224202e+02 
 9.41000000e+09 -1.25418660e+02 
 9.41500000e+09 -1.24255055e+02 
 9.42000000e+09 -1.26003928e+02 
 9.42500000e+09 -1.25076024e+02 
 9.43000000e+09 -1.24904263e+02 
 9.43500000e+09 -1.25797896e+02 
 9.44000000e+09 -1.24286690e+02 
 9.44500000e+09 -1.25784757e+02 
 9.45000000e+09 -1.24672197e+02 
 9.45500000e+09 -1.25841519e+02 
 9.46000000e+09 -1.25295512e+02 
 9.46500000e+09 -1.24896095e+02 
 9.47000000e+09 -1.25452050e+02 
 9.47500000e+09 -1.25433010e+02 
 9.48000000e+09 -1.25847942e+02 
 9.48500000e+09 -1.24457913e+02 
 9.49000000e+09 -1.26094104e+02 
 9.49500000e+09 -1.25007525e+02 
 9.50000000e+09 -1.25014070e+02 
 9.50500000e+09 -1.24830795e+02 
 9.51000000e+09 -1.26357199e+02 
 9.51500000e+09 -1.23802119e+02 
 9.52000000e+09 -1.26739053e+02 
 9.52500000e+09 -1.23470785e+02 
 9.53000000e+09 -1.25382586e+02 
 9.53500000e+09 -1.25206832e+02 
 9.54000000e+09 -1.24806369e+02 
 9.54500000e+09 -1.24843706e+02 
 9.55000000e+09 -1.24553747e+02 
 9.55500000e+09 -1.24968081e+02 
 9.56000000e+09 -1.24328437e+02 
 9.56500000e+09 -1.24500255e+02 
 9.57000000e+09 -1.25550228e+02 
 9.57500000e+09 -1.22119457e+02 
 9.58000000e+09 -1.26465693e+02 
 9.58500000e+09 -1.22490954e+02 
 9.59000000e+09 -1.24830846e+02 
 9.59500000e+09 -1.24167017e+02 
 9.60000000e+09 -1.23008389e+02 
 9.60500000e+09 -1.25314422e+02 
 9.61000000e+09 -1.23233637e+02 
 9.61500000e+09 -1.25738281e+02 
 9.62000000e+09 -1.23802026e+02 
 9.62500000e+09 -1.21448298e+02 
 9.63000000e+09 -1.30079486e+02 
 9.63500000e+09 -1.22969699e+02 
 9.64000000e+09 -1.22947634e+02 
 9.64500000e+09 -1.25049216e+02 
 9.65000000e+09 -1.21491179e+02 
 9.65500000e+09 -1.34644433e+02 
 9.66000000e+09 -1.15094494e+02 
 9.66500000e+09 -1.09670556e+02 
 9.67000000e+09 -1.17278538e+02 
 9.67500000e+09 -9.53359781e+01 
 9.68000000e+09 -9.18755082e+01 
 9.68500000e+09 -7.60146210e+01 
 9.69000000e+09 -6.89102219e+01 
 9.69500000e+09 -5.33264769e+01 
 9.70000000e+09 -4.92109088e+01 
 9.70500000e+09 -5.67545161e+01 
 9.71000000e+09 -7.98371258e+01 
 9.71500000e+09 -8.89972511e+01 
 9.72000000e+09 -9.85526186e+01 
 9.72500000e+09 -1.14672368e+02 
 9.73000000e+09 -1.17896488e+02 
 9.73500000e+09 -1.15749760e+02 
 9.74000000e+09 -1.15294235e+02 
 9.74500000e+09 -1.22939016e+02 
 9.75000000e+09 -1.24007334e+02 
 9.75500000e+09 -1.29002683e+02 
 9.76000000e+09 -1.24918489e+02 
 9.76500000e+09 -1.31916408e+02 
 9.77000000e+09 -1.26103747e+02 
 9.77500000e+09 -1.34915159e+02 
 9.78000000e+09 -1.40311433e+02 
 9.78500000e+09 -1.28413824e+02 
 9.79000000e+09 -1.32413347e+02 
 9.79500000e+09 -1.29272170e+02 
 9.80000000e+09 -1.38722415e+02 
 9.80500000e+09 -1.28681650e+02 
 9.81000000e+09 -1.31527491e+02 
 9.81500000e+09 -1.34892122e+02 
 9.82000000e+09 -1.33348307e+02 
 9.82500000e+09 -1.34627817e+02 
 9.83000000e+09 -1.34145978e+02 
 9.83500000e+09 -1.34193430e+02 
 9.84000000e+09 -1.33500409e+02 
 9.84500000e+09 -1.34985252e+02 
 9.85000000e+09 -1.40037628e+02 
 9.85500000e+09 -1.31349106e+02 
 9.86000000e+09 -1.39629557e+02 
 9.86500000e+09 -1.35917800e+02 
 9.87000000e+09 -1.40699481e+02 
 9.87500000e+09 -1.36096198e+02 
 9.88000000e+09 -1.36723401e+02 
 9.88500000e+09 -1.40221188e+02 
 9.89000000e+09 -1.38276563e+02 
 9.89500000e+09 -1.38166594e+02 
 9.90000000e+09 -1.36612299e+02 
 9.90500000e+09 -1.40402466e+02 
 9.91000000e+09 -1.40330226e+02 
 9.91500000e+09 -1.38272423e+02 
 9.92000000e+09 -1.39266719e+02 
 9.92500000e+09 -1.39233024e+02 
 9.93000000e+09 -1.42180916e+02 
 9.93500000e+09 -1.39529590e+02 
 9.94000000e+09 -1.39869726e+02 
 9.94500000e+09 -1.42708164e+02 
 9.95000000e+09 -1.37866727e+02 
 9.95500000e+09 -1.41823225e+02 
 9.96000000e+09 -1.39457956e+02 
 9.96500000e+09 -1.41905213e+02 
 9.97000000e+09 -1.38476523e+02 
 9.97500000e+09 -1.41593851e+02 
 9.98000000e+09 -1.40104799e+02 
 9.98500000e+09 -1.39389810e+02 
 9.99000000e+09 -1.38813580e+02 
 9.99500000e+09 -1.39550453e+02 
 1.00000000e+10 -1.37384870e+02 
 1.00050000e+10 -1.36323730e+02 
 1.00100000e+10 -1.32840473e+02 
 1.00150000e+10 -1.19377644e+02 
 1.00200000e+10 -1.15829008e+02 
