 0.00000000e+00 -3.92077880e+00 
 5.00000000e+06 -3.89592553e+00 
 1.00000000e+07 -6.08323554e+01 
 1.50000000e+07 -6.85904901e+01 
 2.00000000e+07 -7.31631567e+01 
 2.50000000e+07 -7.62086611e+01 
 3.00000000e+07 -7.85112813e+01 
 3.50000000e+07 -8.02789503e+01 
 4.00000000e+07 -8.16196064e+01 
 4.50000000e+07 -8.27650593e+01 
 5.00000000e+07 -8.37141496e+01 
 5.50000000e+07 -8.44128839e+01 
 6.00000000e+07 -8.51429973e+01 
 6.50000000e+07 -8.56875220e+01 
 7.00000000e+07 -8.61606541e+01 
 7.50000000e+07 -8.67619020e+01 
 8.00000000e+07 -8.84168101e+01 
 8.50000000e+07 -8.13381000e+01 
 9.00000000e+07 -8.87898190e+01 
 9.50000000e+07 -8.64542513e+01 
 1.00000000e+08 -8.76739995e+01 
 1.05000000e+08 -8.78159022e+01 
 1.10000000e+08 -8.81508116e+01 
 1.15000000e+08 -8.82745900e+01 
 1.20000000e+08 -8.83350121e+01 
 1.25000000e+08 -8.85362467e+01 
 1.30000000e+08 -8.86814413e+01 
 1.35000000e+08 -8.87076796e+01 
 1.40000000e+08 -8.89056748e+01 
 1.45000000e+08 -8.90407576e+01 
 1.50000000e+08 -8.91149530e+01 
 1.55000000e+08 -8.92991385e+01 
 1.60000000e+08 -8.93864935e+01 
 1.65000000e+08 -8.95875524e+01 
 1.70000000e+08 -9.02548955e+01 
 1.75000000e+08 -8.86375633e+01 
 1.80000000e+08 -9.14449628e+01 
 1.85000000e+08 -8.97196160e+01 
 1.90000000e+08 -9.06741250e+01 
 1.95000000e+08 -9.06206312e+01 
 2.00000000e+08 -9.07316470e+01 
 2.05000000e+08 -9.11904049e+01 
 2.10000000e+08 -9.12863484e+01 
 2.15000000e+08 -9.14039930e+01 
 2.20000000e+08 -9.19061172e+01 
 2.25000000e+08 -9.19567526e+01 
 2.30000000e+08 -9.21694586e+01 
 2.35000000e+08 -9.25524189e+01 
 2.40000000e+08 -9.27084109e+01 
 2.45000000e+08 -9.29010766e+01 
 2.50000000e+08 -9.33771084e+01 
 2.55000000e+08 -9.32539117e+01 
 2.60000000e+08 -9.43649098e+01 
 2.65000000e+08 -9.25894169e+01 
 2.70000000e+08 -9.50707483e+01 
 2.75000000e+08 -9.41719945e+01 
 2.80000000e+08 -9.45290926e+01 
 2.85000000e+08 -9.48656437e+01 
 2.90000000e+08 -9.47409982e+01 
 2.95000000e+08 -9.50386390e+01 
 3.00000000e+08 -9.53088509e+01 
 3.05000000e+08 -9.51635516e+01 
 3.10000000e+08 -9.54846078e+01 
 3.15000000e+08 -9.55915986e+01 
 3.20000000e+08 -9.54841924e+01 
 3.25000000e+08 -9.56649237e+01 
 3.30000000e+08 -9.58238207e+01 
 3.35000000e+08 -9.56320835e+01 
 3.40000000e+08 -9.59264100e+01 
 3.45000000e+08 -9.57563074e+01 
 3.50000000e+08 -9.50483656e+01 
 3.55000000e+08 -9.23511417e+01 
 3.60000000e+08 -9.39076925e+01 
 3.65000000e+08 -9.61699433e+01 
 3.70000000e+08 -9.56915106e+01 
 3.75000000e+08 -9.64897994e+01 
 3.80000000e+08 -9.63702551e+01 
 3.85000000e+08 -9.61877368e+01 
 3.90000000e+08 -9.67134171e+01 
 3.95000000e+08 -9.67581523e+01 
 4.00000000e+08 -9.66906914e+01 
 4.05000000e+08 -9.71945727e+01 
 4.10000000e+08 -9.75836107e+01 
 4.15000000e+08 -9.79055722e+01 
 4.20000000e+08 -9.96151805e+01 
 4.25000000e+08 -1.03050825e+02 
 4.30000000e+08 -1.02064015e+02 
 4.35000000e+08 -8.14218547e+01 
 4.40000000e+08 -5.78316623e+01 
 4.45000000e+08 -5.45980769e+01 
 4.50000000e+08 -6.33064378e+01 
 4.55000000e+08 -8.55189119e+01 
 4.60000000e+08 -9.29434385e+01 
 4.65000000e+08 -9.62472640e+01 
 4.70000000e+08 -9.76826077e+01 
 4.75000000e+08 -9.79446947e+01 
 4.80000000e+08 -9.81223998e+01 
 4.85000000e+08 -9.86115725e+01 
 4.90000000e+08 -9.83973010e+01 
 4.95000000e+08 -9.86482835e+01 
 5.00000000e+08 -9.88401630e+01 
 5.05000000e+08 -9.88927104e+01 
 5.10000000e+08 -9.96864079e+01 
 5.15000000e+08 -1.01694508e+02 
 5.20000000e+08 -9.67115097e+01 
 5.25000000e+08 -7.20978822e+01 
 5.30000000e+08 -6.14187530e+01 
 5.35000000e+08 -6.40557182e+01 
 5.40000000e+08 -8.15938071e+01 
 5.45000000e+08 -9.21396141e+01 
 5.50000000e+08 -9.60417109e+01 
 5.55000000e+08 -9.70692170e+01 
 5.60000000e+08 -9.80839674e+01 
 5.65000000e+08 -9.83369758e+01 
 5.70000000e+08 -9.80837601e+01 
 5.75000000e+08 -9.86583800e+01 
 5.80000000e+08 -9.82942514e+01 
 5.85000000e+08 -9.82672879e+01 
 5.90000000e+08 -9.84338336e+01 
 5.95000000e+08 -9.79785238e+01 
 6.00000000e+08 -9.82047331e+01 
 6.05000000e+08 -9.83694204e+01 
 6.10000000e+08 -9.70694101e+01 
 6.15000000e+08 -9.77834241e+01 
 6.20000000e+08 -9.57840148e+01 
 6.25000000e+08 -9.92152635e+01 
 6.30000000e+08 -9.67203838e+01 
 6.35000000e+08 -9.70746529e+01 
 6.40000000e+08 -9.76110360e+01 
 6.45000000e+08 -9.67292610e+01 
 6.50000000e+08 -9.68965173e+01 
 6.55000000e+08 -9.67323360e+01 
 6.60000000e+08 -9.65849397e+01 
 6.65000000e+08 -9.64441668e+01 
 6.70000000e+08 -9.61882975e+01 
 6.75000000e+08 -9.61845377e+01 
 6.80000000e+08 -9.60739115e+01 
 6.85000000e+08 -9.57811182e+01 
 6.90000000e+08 -9.55568818e+01 
 6.95000000e+08 -9.59695584e+01 
 7.00000000e+08 -9.51100251e+01 
 7.05000000e+08 -9.45818944e+01 
 7.10000000e+08 -9.52131829e+01 
 7.15000000e+08 -9.50956359e+01 
 7.20000000e+08 -9.47224791e+01 
 7.25000000e+08 -9.40109448e+01 
 7.30000000e+08 -9.39591944e+01 
 7.35000000e+08 -9.37527979e+01 
 7.40000000e+08 -9.33273434e+01 
 7.45000000e+08 -9.30094109e+01 
 7.50000000e+08 -9.27451681e+01 
 7.55000000e+08 -9.21321714e+01 
 7.60000000e+08 -9.20881572e+01 
 7.65000000e+08 -9.14646631e+01 
 7.70000000e+08 -9.10614429e+01 
 7.75000000e+08 -9.09429777e+01 
 7.80000000e+08 -9.02476810e+01 
 7.85000000e+08 -8.98386300e+01 
 7.90000000e+08 -9.03525391e+01 
 7.95000000e+08 -8.73277344e+01 
 8.00000000e+08 -9.06444671e+01 
 8.05000000e+08 -8.73825704e+01 
 8.10000000e+08 -8.83161101e+01 
 8.15000000e+08 -8.74712015e+01 
 8.20000000e+08 -8.72657862e+01 
 8.25000000e+08 -8.69017924e+01 
 8.30000000e+08 -8.65644754e+01 
 8.35000000e+08 -8.61878032e+01 
 8.40000000e+08 -8.59563196e+01 
 8.45000000e+08 -8.55398561e+01 
 8.50000000e+08 -8.53724236e+01 
 8.55000000e+08 -8.50100485e+01 
 8.60000000e+08 -8.47680887e+01 
 8.65000000e+08 -8.45609734e+01 
 8.70000000e+08 -8.43084137e+01 
 8.75000000e+08 -8.40801009e+01 
 8.80000000e+08 -8.38415384e+01 
 8.85000000e+08 -7.36112173e+01 
 8.90000000e+08 -7.49664260e+01 
 8.95000000e+08 -7.95735367e+01 
 9.00000000e+08 -8.21560264e+01 
 9.05000000e+08 -8.24118893e+01 
 9.10000000e+08 -8.18425298e+01 
 9.15000000e+08 -8.11844842e+01 
 9.20000000e+08 -8.05754534e+01 
 9.25000000e+08 -7.92904789e+01 
 9.30000000e+08 -7.77444572e+01 
 9.35000000e+08 -7.57305288e+01 
 9.40000000e+08 -7.32389292e+01 
 9.45000000e+08 -6.98322166e+01 
 9.50000000e+08 -6.57466759e+01 
 9.55000000e+08 -6.01757711e+01 
 9.60000000e+08 -5.26997632e+01 
 9.65000000e+08 -4.12060630e+01 
 9.70000000e+08 -9.72007581e+00 
 9.75000000e+08 -2.59887642e+00 
 9.80000000e+08 -7.50721052e+00 
 9.85000000e+08 -3.78428743e+01 
 9.90000000e+08 -5.04798143e+01 
 9.95000000e+08 -5.87799425e+01 
 1.00000000e+09 -6.52797554e+01 
 1.00500000e+09 -7.03311980e+01 
 1.01000000e+09 -7.44270467e+01 
 1.01500000e+09 -7.69369026e+01 
 1.02000000e+09 -7.81892973e+01 
 1.02500000e+09 -7.87770427e+01 
 1.03000000e+09 -7.88779164e+01 
 1.03500000e+09 -7.91009068e+01 
 1.04000000e+09 -7.90875432e+01 
 1.04500000e+09 -7.91152932e+01 
 1.05000000e+09 -7.93887130e+01 
 1.05500000e+09 -7.96203072e+01 
 1.06000000e+09 -7.36780808e+01 
 1.06500000e+09 -7.39559670e+01 
 1.07000000e+09 -7.90767018e+01 
 1.07500000e+09 -8.00113437e+01 
 1.08000000e+09 -8.01789188e+01 
 1.08500000e+09 -8.03563972e+01 
 1.09000000e+09 -8.05911287e+01 
 1.09500000e+09 -8.07897499e+01 
 1.10000000e+09 -8.09759569e+01 
 1.10500000e+09 -8.12706486e+01 
 1.11000000e+09 -8.14250938e+01 
 1.11500000e+09 -8.17179224e+01 
 1.12000000e+09 -8.19297047e+01 
 1.12500000e+09 -8.21775387e+01 
 1.13000000e+09 -8.23987962e+01 
 1.13500000e+09 -8.27362637e+01 
 1.14000000e+09 -8.27725444e+01 
 1.14500000e+09 -8.35840837e+01 
 1.15000000e+09 -8.24576121e+01 
 1.15500000e+09 -8.45763051e+01 
 1.16000000e+09 -8.34234697e+01 
 1.16500000e+09 -8.41500070e+01 
 1.17000000e+09 -8.42709123e+01 
 1.17500000e+09 -8.43592842e+01 
 1.18000000e+09 -8.47022220e+01 
 1.18500000e+09 -8.48432690e+01 
 1.19000000e+09 -8.49074082e+01 
 1.19500000e+09 -8.52177366e+01 
 1.20000000e+09 -8.52529782e+01 
 1.20500000e+09 -8.54283359e+01 
 1.21000000e+09 -8.55379495e+01 
 1.21500000e+09 -8.56573147e+01 
 1.22000000e+09 -8.57832124e+01 
 1.22500000e+09 -8.59130359e+01 
 1.23000000e+09 -8.58490305e+01 
 1.23500000e+09 -8.59386175e+01 
 1.24000000e+09 -8.63129998e+01 
 1.24500000e+09 -8.62401372e+01 
 1.25000000e+09 -8.63536956e+01 
 1.25500000e+09 -8.62013827e+01 
 1.26000000e+09 -8.64995249e+01 
 1.26500000e+09 -8.65364647e+01 
 1.27000000e+09 -8.65344691e+01 
 1.27500000e+09 -8.66365104e+01 
 1.28000000e+09 -8.67644404e+01 
 1.28500000e+09 -8.67394684e+01 
 1.29000000e+09 -8.68524220e+01 
 1.29500000e+09 -8.69487752e+01 
 1.30000000e+09 -8.69404893e+01 
 1.30500000e+09 -8.71465321e+01 
 1.31000000e+09 -8.70674955e+01 
 1.31500000e+09 -8.72097599e+01 
 1.32000000e+09 -8.74295816e+01 
 1.32500000e+09 -8.68820132e+01 
 1.33000000e+09 -8.81684980e+01 
 1.33500000e+09 -8.71571630e+01 
 1.34000000e+09 -8.77667764e+01 
 1.34500000e+09 -8.75380475e+01 
 1.35000000e+09 -8.77427692e+01 
 1.35500000e+09 -8.79270002e+01 
 1.36000000e+09 -8.77990998e+01 
 1.36500000e+09 -8.79653992e+01 
 1.37000000e+09 -8.80898488e+01 
 1.37500000e+09 -8.80253645e+01 
 1.38000000e+09 -8.81742971e+01 
 1.38500000e+09 -8.82712239e+01 
 1.39000000e+09 -8.82440815e+01 
 1.39500000e+09 -8.84374177e+01 
 1.40000000e+09 -8.85061710e+01 
 1.40500000e+09 -8.88983767e+01 
 1.41000000e+09 -9.12183823e+01 
 1.41500000e+09 -6.90713471e+01 
 1.42000000e+09 -6.61301945e+01 
 1.42500000e+09 -7.18492284e+01 
 1.43000000e+09 -8.69987773e+01 
 1.43500000e+09 -8.81368453e+01 
 1.44000000e+09 -8.84819706e+01 
 1.44500000e+09 -8.86517209e+01 
 1.45000000e+09 -8.87729768e+01 
 1.45500000e+09 -8.86628541e+01 
 1.46000000e+09 -8.87841132e+01 
 1.46500000e+09 -8.87372136e+01 
 1.47000000e+09 -8.86725024e+01 
 1.47500000e+09 -8.85910138e+01 
 1.48000000e+09 -8.83497136e+01 
 1.48500000e+09 -8.79855086e+01 
 1.49000000e+09 -8.68243261e+01 
 1.49500000e+09 -8.25894629e+01 
 1.50000000e+09 -6.59108798e+01 
 1.50500000e+09 -5.43664688e+01 
 1.51000000e+09 -5.57751647e+01 
 1.51500000e+09 -7.18647331e+01 
 1.52000000e+09 -8.36731949e+01 
 1.52500000e+09 -8.73797543e+01 
 1.53000000e+09 -8.82162739e+01 
 1.53500000e+09 -8.88432985e+01 
 1.54000000e+09 -8.92674892e+01 
 1.54500000e+09 -8.93530441e+01 
 1.55000000e+09 -8.95374149e+01 
 1.55500000e+09 -8.97177679e+01 
 1.56000000e+09 -8.97391380e+01 
 1.56500000e+09 -8.98607638e+01 
 1.57000000e+09 -9.00162660e+01 
 1.57500000e+09 -8.99630474e+01 
 1.58000000e+09 -9.02017860e+01 
 1.58500000e+09 -9.02761832e+01 
 1.59000000e+09 -8.75596647e+01 
 1.59500000e+09 -9.58784990e+01 
 1.60000000e+09 -8.88477631e+01 
 1.60500000e+09 -9.03314746e+01 
 1.61000000e+09 -9.01724402e+01 
 1.61500000e+09 -9.04336264e+01 
 1.62000000e+09 -9.05269772e+01 
 1.62500000e+09 -9.04303568e+01 
 1.63000000e+09 -9.05846301e+01 
 1.63500000e+09 -9.06229418e+01 
 1.64000000e+09 -9.05652991e+01 
 1.64500000e+09 -9.06706600e+01 
 1.65000000e+09 -9.07525213e+01 
 1.65500000e+09 -9.06839897e+01 
 1.66000000e+09 -9.08578432e+01 
 1.66500000e+09 -9.07962950e+01 
 1.67000000e+09 -9.08703842e+01 
 1.67500000e+09 -9.12329114e+01 
 1.68000000e+09 -9.07393118e+01 
 1.68500000e+09 -9.14746377e+01 
 1.69000000e+09 -9.03665854e+01 
 1.69500000e+09 -9.15312662e+01 
 1.70000000e+09 -9.11903248e+01 
 1.70500000e+09 -9.10634593e+01 
 1.71000000e+09 -9.14037787e+01 
 1.71500000e+09 -9.13899382e+01 
 1.72000000e+09 -9.12632086e+01 
 1.72500000e+09 -9.15193295e+01 
 1.73000000e+09 -9.14553579e+01 
 1.73500000e+09 -9.14935333e+01 
 1.74000000e+09 -9.15795308e+01 
 1.74500000e+09 -9.14603770e+01 
 1.75000000e+09 -9.17051514e+01 
 1.75500000e+09 -9.16917368e+01 
 1.76000000e+09 -9.14407701e+01 
 1.76500000e+09 -9.19580064e+01 
 1.77000000e+09 -9.06342715e+01 
 1.77500000e+09 -9.37065809e+01 
 1.78000000e+09 -9.06291814e+01 
 1.78500000e+09 -9.18005122e+01 
 1.79000000e+09 -9.18977403e+01 
 1.79500000e+09 -9.16883066e+01 
 1.80000000e+09 -9.17676873e+01 
 1.80500000e+09 -9.19197842e+01 
 1.81000000e+09 -9.16946092e+01 
 1.81500000e+09 -9.18853574e+01 
 1.82000000e+09 -9.18609991e+01 
 1.82500000e+09 -9.17584847e+01 
 1.83000000e+09 -9.18513234e+01 
 1.83500000e+09 -9.18841809e+01 
 1.84000000e+09 -9.17523528e+01 
 1.84500000e+09 -9.18968540e+01 
 1.85000000e+09 -9.17610413e+01 
 1.85500000e+09 -9.07582191e+01 
 1.86000000e+09 -8.37343478e+01 
 1.86500000e+09 -8.15315991e+01 
 1.87000000e+09 -8.86924173e+01 
 1.87500000e+09 -9.14654107e+01 
 1.88000000e+09 -9.19528814e+01 
 1.88500000e+09 -9.18661525e+01 
 1.89000000e+09 -9.14705649e+01 
 1.89500000e+09 -9.14926614e+01 
 1.90000000e+09 -9.06975910e+01 
 1.90500000e+09 -8.97160506e+01 
 1.91000000e+09 -8.83044910e+01 
 1.91500000e+09 -8.62450640e+01 
 1.92000000e+09 -8.33726759e+01 
 1.92500000e+09 -7.97505112e+01 
 1.93000000e+09 -7.45992807e+01 
 1.93500000e+09 -6.76884400e+01 
 1.94000000e+09 -5.69302319e+01 
 1.94500000e+09 -3.15044247e+01 
 1.95000000e+09 -2.32021049e+01 
 1.95500000e+09 -2.70570492e+01 
 1.96000000e+09 -5.13385892e+01 
 1.96500000e+09 -6.48379883e+01 
 1.97000000e+09 -7.36820744e+01 
 1.97500000e+09 -8.05142808e+01 
 1.98000000e+09 -8.55445600e+01 
 1.98500000e+09 -8.86981970e+01 
 1.99000000e+09 -8.97543045e+01 
 1.99500000e+09 -8.99895711e+01 
 2.00000000e+09 -9.01163648e+01 
 2.00500000e+09 -9.00688204e+01 
 2.01000000e+09 -9.00552529e+01 
 2.01500000e+09 -9.01898898e+01 
 2.02000000e+09 -9.01600040e+01 
 2.02500000e+09 -9.02383166e+01 
 2.03000000e+09 -9.01474604e+01 
 2.03500000e+09 -9.06215229e+01 
 2.04000000e+09 -8.71084311e+01 
 2.04500000e+09 -9.06649535e+01 
 2.05000000e+09 -9.11570068e+01 
 2.05500000e+09 -9.13828464e+01 
 2.06000000e+09 -9.13174956e+01 
 2.06500000e+09 -9.16098642e+01 
 2.07000000e+09 -9.18244162e+01 
 2.07500000e+09 -9.18698857e+01 
 2.08000000e+09 -9.21101480e+01 
 2.08500000e+09 -9.23019084e+01 
 2.09000000e+09 -9.24107979e+01 
 2.09500000e+09 -9.25831205e+01 
 2.10000000e+09 -9.27717303e+01 
 2.10500000e+09 -9.28379012e+01 
 2.11000000e+09 -9.31896656e+01 
 2.11500000e+09 -9.29437309e+01 
 2.12000000e+09 -9.29371379e+01 
 2.12500000e+09 -9.46366034e+01 
 2.13000000e+09 -9.27357069e+01 
 2.13500000e+09 -9.39586881e+01 
 2.14000000e+09 -9.34579032e+01 
 2.14500000e+09 -9.40471300e+01 
 2.15000000e+09 -9.40587536e+01 
 2.15500000e+09 -9.39133323e+01 
 2.16000000e+09 -9.42658163e+01 
 2.16500000e+09 -9.43199245e+01 
 2.17000000e+09 -9.42619614e+01 
 2.17500000e+09 -9.45344554e+01 
 2.18000000e+09 -9.44925804e+01 
 2.18500000e+09 -9.46521656e+01 
 2.19000000e+09 -9.47338409e+01 
 2.19500000e+09 -9.46879632e+01 
 2.20000000e+09 -9.49218882e+01 
 2.20500000e+09 -9.51621843e+01 
 2.21000000e+09 -9.39499759e+01 
 2.21500000e+09 -9.70063782e+01 
 2.22000000e+09 -9.42581041e+01 
 2.22500000e+09 -9.58098882e+01 
 2.23000000e+09 -9.50505192e+01 
 2.23500000e+09 -9.53918651e+01 
 2.24000000e+09 -9.57478546e+01 
 2.24500000e+09 -9.54989900e+01 
 2.25000000e+09 -9.57162542e+01 
 2.25500000e+09 -9.58775877e+01 
 2.26000000e+09 -9.57984162e+01 
 2.26500000e+09 -9.59962662e+01 
 2.27000000e+09 -9.61850290e+01 
 2.27500000e+09 -9.60430009e+01 
 2.28000000e+09 -9.63540193e+01 
 2.28500000e+09 -9.62910867e+01 
 2.29000000e+09 -9.62151147e+01 
 2.29500000e+09 -9.67309500e+01 
 2.30000000e+09 -9.47396896e+01 
 2.30500000e+09 -1.00193751e+02 
 2.31000000e+09 -9.06800635e+01 
 2.31500000e+09 -9.85991873e+01 
 2.32000000e+09 -9.74858489e+01 
 2.32500000e+09 -9.68135506e+01 
 2.33000000e+09 -9.73431216e+01 
 2.33500000e+09 -9.73013207e+01 
 2.34000000e+09 -9.71178397e+01 
 2.34500000e+09 -9.74227511e+01 
 2.35000000e+09 -9.74828901e+01 
 2.35500000e+09 -9.74117418e+01 
 2.36000000e+09 -9.75584306e+01 
 2.36500000e+09 -9.75544418e+01 
 2.37000000e+09 -9.74199233e+01 
 2.37500000e+09 -9.76985196e+01 
 2.38000000e+09 -9.60414138e+01 
 2.38500000e+09 -9.31326741e+01 
 2.39000000e+09 -6.16355972e+01 
 2.39500000e+09 -5.60992323e+01 
 2.40000000e+09 -6.26343979e+01 
 2.40500000e+09 -9.54595154e+01 
 2.41000000e+09 -9.82025506e+01 
 2.41500000e+09 -9.83729919e+01 
 2.42000000e+09 -9.82319889e+01 
 2.42500000e+09 -9.88133349e+01 
 2.43000000e+09 -9.86889416e+01 
 2.43500000e+09 -9.85598179e+01 
 2.44000000e+09 -9.87029696e+01 
 2.44500000e+09 -9.82117211e+01 
 2.45000000e+09 -9.80559278e+01 
 2.45500000e+09 -9.71790309e+01 
 2.46000000e+09 -9.56663014e+01 
 2.46500000e+09 -9.24910245e+01 
 2.47000000e+09 -8.61405444e+01 
 2.47500000e+09 -7.03406581e+01 
 2.48000000e+09 -5.74515194e+01 
 2.48500000e+09 -5.77229349e+01 
 2.49000000e+09 -7.26057933e+01 
 2.49500000e+09 -8.99110734e+01 
 2.50000000e+09 -9.86020278e+01 
 2.50500000e+09 -1.00380414e+02 
 2.51000000e+09 -1.00138911e+02 
 2.51500000e+09 -1.00540464e+02 
 2.52000000e+09 -1.00639496e+02 
 2.52500000e+09 -1.00349891e+02 
 2.53000000e+09 -1.00888466e+02 
 2.53500000e+09 -1.00948221e+02 
 2.54000000e+09 -1.00854175e+02 
 2.54500000e+09 -1.01512787e+02 
 2.55000000e+09 -1.01159617e+02 
 2.55500000e+09 -1.01328240e+02 
 2.56000000e+09 -1.03007867e+02 
 2.56500000e+09 -9.78843040e+01 
 2.57000000e+09 -1.00934259e+02 
 2.57500000e+09 -9.76788313e+01 
 2.58000000e+09 -1.03848333e+02 
 2.58500000e+09 -1.02561736e+02 
 2.59000000e+09 -1.01819266e+02 
 2.59500000e+09 -1.03526750e+02 
 2.60000000e+09 -1.02907272e+02 
 2.60500000e+09 -1.03003396e+02 
 2.61000000e+09 -1.03405647e+02 
 2.61500000e+09 -1.03629366e+02 
 2.62000000e+09 -1.03591758e+02 
 2.62500000e+09 -1.03788754e+02 
 2.63000000e+09 -1.03904087e+02 
 2.63500000e+09 -1.03979532e+02 
 2.64000000e+09 -1.04400946e+02 
 2.64500000e+09 -1.03764809e+02 
 2.65000000e+09 -1.04912515e+02 
 2.65500000e+09 -1.05436005e+02 
 2.66000000e+09 -1.02725709e+02 
 2.66500000e+09 -1.05046073e+02 
 2.67000000e+09 -1.04420064e+02 
 2.67500000e+09 -1.06109839e+02 
 2.68000000e+09 -1.04966015e+02 
 2.68500000e+09 -1.04727397e+02 
 2.69000000e+09 -1.05926908e+02 
 2.69500000e+09 -1.05227066e+02 
 2.70000000e+09 -1.05226555e+02 
 2.70500000e+09 -1.06087246e+02 
 2.71000000e+09 -1.05407079e+02 
 2.71500000e+09 -1.05040887e+02 
 2.72000000e+09 -1.06692709e+02 
 2.72500000e+09 -1.05123691e+02 
 2.73000000e+09 -1.04909686e+02 
 2.73500000e+09 -1.06331436e+02 
 2.74000000e+09 -1.04185879e+02 
 2.74500000e+09 -1.02296277e+02 
 2.75000000e+09 -9.64884262e+01 
 2.75500000e+09 -1.04887741e+02 
 2.76000000e+09 -1.04332600e+02 
 2.76500000e+09 -1.04402075e+02 
 2.77000000e+09 -1.04791564e+02 
 2.77500000e+09 -1.04052083e+02 
 2.78000000e+09 -1.03136140e+02 
 2.78500000e+09 -1.04084181e+02 
 2.79000000e+09 -1.02441305e+02 
 2.79500000e+09 -1.02195955e+02 
 2.80000000e+09 -1.02932835e+02 
 2.80500000e+09 -1.01208358e+02 
 2.81000000e+09 -1.01309945e+02 
 2.81500000e+09 -1.01090023e+02 
 2.82000000e+09 -1.00504992e+02 
 2.82500000e+09 -1.00447553e+02 
 2.83000000e+09 -1.13706337e+02 
 2.83500000e+09 -7.69688436e+01 
 2.84000000e+09 -7.56487537e+01 
 2.84500000e+09 -8.21350993e+01 
 2.85000000e+09 -9.18264737e+01 
 2.85500000e+09 -9.24209462e+01 
 2.86000000e+09 -9.07651154e+01 
 2.86500000e+09 -8.92846563e+01 
 2.87000000e+09 -8.76936080e+01 
 2.87500000e+09 -8.55345072e+01 
 2.88000000e+09 -8.32143819e+01 
 2.88500000e+09 -8.06624532e+01 
 2.89000000e+09 -7.76924274e+01 
 2.89500000e+09 -7.39434746e+01 
 2.90000000e+09 -6.96967203e+01 
 2.90500000e+09 -6.40989265e+01 
 2.91000000e+09 -5.69092503e+01 
 2.91500000e+09 -4.63171296e+01 
 2.92000000e+09 -2.41353548e+01 
 2.92500000e+09 -1.45547520e+01 
 2.93000000e+09 -1.73970914e+01 
 2.93500000e+09 -3.78825837e+01 
 2.94000000e+09 -5.19064570e+01 
 2.94500000e+09 -6.05662638e+01 
 2.95000000e+09 -6.70735117e+01 
 2.95500000e+09 -7.20348841e+01 
 2.96000000e+09 -7.63175139e+01 
 2.96500000e+09 -7.95485547e+01 
 2.97000000e+09 -8.22000975e+01 
 2.97500000e+09 -8.43428509e+01 
 2.98000000e+09 -8.58152624e+01 
 2.98500000e+09 -8.70362361e+01 
 2.99000000e+09 -8.78181079e+01 
 2.99500000e+09 -8.84864697e+01 
 3.00000000e+09 -8.91203255e+01 
 3.00500000e+09 -8.94187658e+01 
 3.01000000e+09 -8.17890890e+01 
 3.01500000e+09 -7.85992193e+01 
 3.02000000e+09 -8.74996178e+01 
 3.02500000e+09 -9.15279077e+01 
 3.03000000e+09 -9.17239657e+01 
 3.03500000e+09 -9.19673379e+01 
 3.04000000e+09 -9.24605475e+01 
 3.04500000e+09 -9.26214399e+01 
 3.05000000e+09 -9.29694849e+01 
 3.05500000e+09 -9.34465879e+01 
 3.06000000e+09 -9.35217744e+01 
 3.06500000e+09 -9.41173421e+01 
 3.07000000e+09 -9.42750820e+01 
 3.07500000e+09 -9.46286948e+01 
 3.08000000e+09 -9.48672671e+01 
 3.08500000e+09 -9.55212616e+01 
 3.09000000e+09 -9.51305281e+01 
 3.09500000e+09 -9.69320914e+01 
 3.10000000e+09 -9.33933010e+01 
 3.10500000e+09 -1.00053087e+02 
 3.11000000e+09 -9.53288410e+01 
 3.11500000e+09 -9.72023401e+01 
 3.12000000e+09 -9.68594358e+01 
 3.12500000e+09 -9.68705777e+01 
 3.13000000e+09 -9.76460310e+01 
 3.13500000e+09 -9.74261675e+01 
 3.14000000e+09 -9.73641296e+01 
 3.14500000e+09 -9.80262417e+01 
 3.15000000e+09 -9.77813845e+01 
 3.15500000e+09 -9.79574727e+01 
 3.16000000e+09 -9.81044499e+01 
 3.16500000e+09 -9.82538433e+01 
 3.17000000e+09 -9.82963038e+01 
 3.17500000e+09 -9.84937094e+01 
 3.18000000e+09 -9.80039915e+01 
 3.18500000e+09 -9.85142312e+01 
 3.19000000e+09 -9.99273667e+01 
 3.19500000e+09 -9.78859530e+01 
 3.20000000e+09 -9.92732178e+01 
 3.20500000e+09 -9.84208702e+01 
 3.21000000e+09 -9.95597230e+01 
 3.21500000e+09 -9.91867439e+01 
 3.22000000e+09 -9.91430167e+01 
 3.22500000e+09 -9.94744184e+01 
 3.23000000e+09 -9.96040005e+01 
 3.23500000e+09 -9.93848407e+01 
 3.24000000e+09 -9.98256344e+01 
 3.24500000e+09 -9.98367514e+01 
 3.25000000e+09 -9.97646151e+01 
 3.25500000e+09 -1.00345471e+02 
 3.26000000e+09 -9.98693077e+01 
 3.26500000e+09 -1.00257992e+02 
 3.27000000e+09 -1.00736532e+02 
 3.27500000e+09 -9.83799692e+01 
 3.28000000e+09 -1.02684794e+02 
 3.28500000e+09 -9.83798212e+01 
 3.29000000e+09 -1.01078073e+02 
 3.29500000e+09 -1.00195355e+02 
 3.30000000e+09 -1.01146457e+02 
 3.30500000e+09 -1.01421416e+02 
 3.31000000e+09 -1.00782192e+02 
 3.31500000e+09 -1.01383673e+02 
 3.32000000e+09 -1.01546347e+02 
 3.32500000e+09 -1.01028709e+02 
 3.33000000e+09 -1.01689403e+02 
 3.33500000e+09 -1.01621358e+02 
 3.34000000e+09 -1.01341608e+02 
 3.34500000e+09 -1.01808022e+02 
 3.35000000e+09 -1.01381446e+02 
 3.35500000e+09 -1.01287366e+02 
 3.36000000e+09 -9.99019219e+01 
 3.36500000e+09 -7.38377272e+01 
 3.37000000e+09 -6.77959787e+01 
 3.37500000e+09 -7.28045158e+01 
 3.38000000e+09 -1.06384182e+02 
 3.38500000e+09 -1.02365470e+02 
 3.39000000e+09 -1.02043259e+02 
 3.39500000e+09 -1.02309375e+02 
 3.40000000e+09 -1.02132586e+02 
 3.40500000e+09 -1.01626087e+02 
 3.41000000e+09 -1.02137779e+02 
 3.41500000e+09 -1.01781534e+02 
 3.42000000e+09 -1.01627054e+02 
 3.42500000e+09 -1.01553784e+02 
 3.43000000e+09 -1.01088491e+02 
 3.43500000e+09 -9.98777448e+01 
 3.44000000e+09 -9.60684093e+01 
 3.44500000e+09 -8.77062680e+01 
 3.45000000e+09 -7.11309948e+01 
 3.45500000e+09 -5.60059886e+01 
 3.46000000e+09 -5.54563104e+01 
 3.46500000e+09 -6.81560050e+01 
 3.47000000e+09 -8.50254721e+01 
 3.47500000e+09 -9.32912112e+01 
 3.48000000e+09 -9.68253947e+01 
 3.48500000e+09 -9.97757354e+01 
 3.49000000e+09 -1.01560028e+02 
 3.49500000e+09 -1.02025353e+02 
 3.50000000e+09 -1.02947019e+02 
 3.50500000e+09 -1.03531763e+02 
 3.51000000e+09 -1.03525121e+02 
 3.51500000e+09 -1.04229869e+02 
 3.52000000e+09 -1.04224816e+02 
 3.52500000e+09 -1.04101477e+02 
 3.53000000e+09 -1.05195473e+02 
 3.53500000e+09 -1.03806248e+02 
 3.54000000e+09 -9.86178394e+01 
 3.54500000e+09 -9.90297290e+01 
 3.55000000e+09 -1.00058338e+02 
 3.55500000e+09 -1.04852330e+02 
 3.56000000e+09 -1.04071824e+02 
 3.56500000e+09 -1.05502216e+02 
 3.57000000e+09 -1.04897177e+02 
 3.57500000e+09 -1.04831343e+02 
 3.58000000e+09 -1.05296365e+02 
 3.58500000e+09 -1.05019612e+02 
 3.59000000e+09 -1.04732708e+02 
 3.59500000e+09 -1.05389699e+02 
 3.60000000e+09 -1.05086711e+02 
 3.60500000e+09 -1.05030168e+02 
 3.61000000e+09 -1.05625354e+02 
 3.61500000e+09 -1.04919139e+02 
 3.62000000e+09 -1.05646424e+02 
 3.62500000e+09 -1.06378285e+02 
 3.63000000e+09 -1.03222367e+02 
 3.63500000e+09 -1.09947605e+02 
 3.64000000e+09 -1.02085622e+02 
 3.64500000e+09 -1.07727437e+02 
 3.65000000e+09 -1.04633882e+02 
 3.65500000e+09 -1.05160219e+02 
 3.66000000e+09 -1.06007897e+02 
 3.66500000e+09 -1.05174940e+02 
 3.67000000e+09 -1.05090822e+02 
 3.67500000e+09 -1.05562525e+02 
 3.68000000e+09 -1.04705452e+02 
 3.68500000e+09 -1.05533866e+02 
 3.69000000e+09 -1.04686154e+02 
 3.69500000e+09 -1.04612332e+02 
 3.70000000e+09 -1.05681544e+02 
 3.70500000e+09 -1.04340137e+02 
 3.71000000e+09 -1.03816612e+02 
 3.71500000e+09 -1.08220823e+02 
 3.72000000e+09 -9.87120757e+01 
 3.72500000e+09 -1.11453557e+02 
 3.73000000e+09 -9.89203184e+01 
 3.73500000e+09 -1.05604069e+02 
 3.74000000e+09 -1.04452972e+02 
 3.74500000e+09 -1.03836066e+02 
 3.75000000e+09 -1.04135656e+02 
 3.75500000e+09 -1.03859072e+02 
 3.76000000e+09 -1.03846149e+02 
 3.76500000e+09 -1.03965805e+02 
 3.77000000e+09 -1.03307397e+02 
 3.77500000e+09 -1.03678237e+02 
 3.78000000e+09 -1.03444614e+02 
 3.78500000e+09 -1.03048881e+02 
 3.79000000e+09 -1.03031497e+02 
 3.79500000e+09 -1.03512850e+02 
 3.80000000e+09 -1.02467629e+02 
 3.80500000e+09 -1.05700782e+02 
 3.81000000e+09 -8.29238056e+01 
 3.81500000e+09 -8.08135555e+01 
 3.82000000e+09 -8.62566130e+01 
 3.82500000e+09 -9.75513766e+01 
 3.83000000e+09 -9.84599569e+01 
 3.83500000e+09 -9.69330195e+01 
 3.84000000e+09 -9.60759981e+01 
 3.84500000e+09 -9.49310331e+01 
 3.85000000e+09 -9.30419464e+01 
 3.85500000e+09 -9.12870321e+01 
 3.86000000e+09 -8.91742577e+01 
 3.86500000e+09 -8.65325236e+01 
 3.87000000e+09 -8.32299682e+01 
 3.87500000e+09 -7.93240209e+01 
 3.88000000e+09 -7.39775440e+01 
 3.88500000e+09 -6.71263557e+01 
 3.89000000e+09 -5.69903492e+01 
 3.89500000e+09 -3.71286255e+01 
 3.90000000e+09 -2.61813111e+01 
 3.90500000e+09 -2.80226028e+01 
 3.91000000e+09 -4.57642931e+01 
 3.91500000e+09 -6.06420391e+01 
 3.92000000e+09 -6.95380002e+01 
 3.92500000e+09 -7.60330086e+01 
 3.93000000e+09 -8.08712427e+01 
 3.93500000e+09 -8.48868738e+01 
 3.94000000e+09 -8.77093234e+01 
 3.94500000e+09 -9.00736582e+01 
 3.95000000e+09 -9.20364932e+01 
 3.95500000e+09 -9.33472401e+01 
 3.96000000e+09 -9.44876994e+01 
 3.96500000e+09 -9.56757484e+01 
 3.97000000e+09 -9.63263136e+01 
 3.97500000e+09 -9.70878164e+01 
 3.98000000e+09 -9.85885948e+01 
 3.98500000e+09 -9.20838417e+01 
 3.99000000e+09 -9.16305310e+01 
 3.99500000e+09 -9.41874102e+01 
 4.00000000e+09 -1.00789361e+02 
 4.00500000e+09 -1.01222258e+02 
 4.01000000e+09 -1.01213956e+02 
 4.01500000e+09 -1.02355954e+02 
 4.02000000e+09 -1.02631349e+02 
 4.02500000e+09 -1.02978068e+02 
 4.03000000e+09 -1.03740312e+02 
 4.03500000e+09 -1.03992068e+02 
 4.04000000e+09 -1.04591292e+02 
 4.04500000e+09 -1.04863722e+02 
 4.05000000e+09 -1.05173844e+02 
 4.05500000e+09 -1.05406582e+02 
 4.06000000e+09 -1.06485195e+02 
 4.06500000e+09 -1.04854786e+02 
 4.07000000e+09 -1.06148403e+02 
 4.07500000e+09 -1.08092579e+02 
 4.08000000e+09 -1.05843780e+02 
 4.08500000e+09 -1.06936916e+02 
 4.09000000e+09 -1.06405882e+02 
 4.09500000e+09 -1.08080039e+02 
 4.10000000e+09 -1.07052141e+02 
 4.10500000e+09 -1.07178596e+02 
 4.11000000e+09 -1.07684843e+02 
 4.11500000e+09 -1.07587627e+02 
 4.12000000e+09 -1.07745274e+02 
 4.12500000e+09 -1.08114749e+02 
 4.13000000e+09 -1.07673431e+02 
 4.13500000e+09 -1.08885274e+02 
 4.14000000e+09 -1.08130009e+02 
 4.14500000e+09 -1.08035312e+02 
 4.15000000e+09 -1.09966312e+02 
 4.15500000e+09 -1.08001884e+02 
 4.16000000e+09 -1.05991748e+02 
 4.16500000e+09 -1.15014576e+02 
 4.17000000e+09 -1.06195110e+02 
 4.17500000e+09 -1.10959786e+02 
 4.18000000e+09 -1.07467358e+02 
 4.18500000e+09 -1.10356291e+02 
 4.19000000e+09 -1.10159605e+02 
 4.19500000e+09 -1.09342060e+02 
 4.20000000e+09 -1.10592976e+02 
 4.20500000e+09 -1.09657899e+02 
 4.21000000e+09 -1.10393586e+02 
 4.21500000e+09 -1.10747425e+02 
 4.22000000e+09 -1.10054683e+02 
 4.22500000e+09 -1.10649388e+02 
 4.23000000e+09 -1.11528906e+02 
 4.23500000e+09 -1.09530443e+02 
 4.24000000e+09 -1.10840667e+02 
 4.24500000e+09 -1.11772479e+02 
 4.25000000e+09 -1.05081882e+02 
 4.25500000e+09 -9.98457353e+01 
 4.26000000e+09 -9.62746807e+01 
 4.26500000e+09 -1.10022623e+02 
 4.27000000e+09 -1.10206572e+02 
 4.27500000e+09 -1.11880705e+02 
 4.28000000e+09 -1.11451304e+02 
 4.28500000e+09 -1.10898506e+02 
 4.29000000e+09 -1.11952874e+02 
 4.29500000e+09 -1.11564063e+02 
 4.30000000e+09 -1.10588639e+02 
 4.30500000e+09 -1.12258032e+02 
 4.31000000e+09 -1.11128147e+02 
 4.31500000e+09 -1.09669541e+02 
 4.32000000e+09 -1.10279043e+02 
 4.32500000e+09 -1.07009604e+02 
 4.33000000e+09 -1.02937367e+02 
 4.33500000e+09 -9.44659651e+01 
 4.34000000e+09 -6.75755211e+01 
 4.34500000e+09 -5.99184460e+01 
 4.35000000e+09 -6.42050162e+01 
 4.35500000e+09 -9.16475544e+01 
 4.36000000e+09 -1.06492072e+02 
 4.36500000e+09 -1.15037434e+02 
 4.37000000e+09 -1.13375181e+02 
 4.37500000e+09 -1.10829208e+02 
 4.38000000e+09 -1.10639485e+02 
 4.38500000e+09 -1.10673254e+02 
 4.39000000e+09 -1.09161074e+02 
 4.39500000e+09 -1.09078776e+02 
 4.40000000e+09 -1.08859736e+02 
 4.40500000e+09 -1.05799698e+02 
 4.41000000e+09 -1.02535792e+02 
 4.41500000e+09 -9.60691339e+01 
 4.42000000e+09 -8.70351965e+01 
 4.42500000e+09 -7.16539565e+01 
 4.43000000e+09 -5.44676774e+01 
 4.43500000e+09 -5.28985661e+01 
 4.44000000e+09 -6.41781831e+01 
 4.44500000e+09 -8.33544146e+01 
 4.45000000e+09 -9.29800351e+01 
 4.45500000e+09 -9.87258246e+01 
 4.46000000e+09 -1.03607627e+02 
 4.46500000e+09 -1.06569385e+02 
 4.47000000e+09 -1.08186463e+02 
 4.47500000e+09 -1.11343123e+02 
 4.48000000e+09 -1.11639022e+02 
 4.48500000e+09 -1.11835722e+02 
 4.49000000e+09 -1.14627598e+02 
 4.49500000e+09 -1.13853226e+02 
 4.50000000e+09 -1.13248318e+02 
 4.50500000e+09 -1.15427005e+02 
 4.51000000e+09 -1.11955697e+02 
 4.51500000e+09 -1.01718402e+02 
 4.52000000e+09 -9.49288523e+01 
 4.52500000e+09 -9.96165813e+01 
 4.53000000e+09 -1.10356101e+02 
 4.53500000e+09 -1.13851751e+02 
 4.54000000e+09 -1.17076331e+02 
 4.54500000e+09 -1.12086760e+02 
 4.55000000e+09 -1.14819387e+02 
 4.55500000e+09 -1.14952310e+02 
 4.56000000e+09 -1.13094657e+02 
 4.56500000e+09 -1.13549265e+02 
 4.57000000e+09 -1.14574062e+02 
 4.57500000e+09 -1.13197711e+02 
 4.58000000e+09 -1.13829298e+02 
 4.58500000e+09 -1.13888879e+02 
 4.59000000e+09 -1.13331188e+02 
 4.59500000e+09 -1.14253320e+02 
 4.60000000e+09 -1.11571647e+02 
 4.60500000e+09 -1.12596337e+02 
 4.61000000e+09 -1.16155830e+02 
 4.61500000e+09 -1.11823556e+02 
 4.62000000e+09 -1.10642346e+02 
 4.62500000e+09 -1.10749274e+02 
 4.63000000e+09 -1.13693499e+02 
 4.63500000e+09 -1.12168379e+02 
 4.64000000e+09 -1.10781861e+02 
 4.64500000e+09 -1.12085152e+02 
 4.65000000e+09 -1.11117896e+02 
 4.65500000e+09 -1.10047670e+02 
 4.66000000e+09 -1.11517571e+02 
 4.66500000e+09 -1.09813228e+02 
 4.67000000e+09 -1.10065376e+02 
 4.67500000e+09 -1.10550532e+02 
 4.68000000e+09 -1.08619251e+02 
 4.68500000e+09 -1.10040843e+02 
 4.69000000e+09 -1.11431209e+02 
 4.69500000e+09 -1.01848961e+02 
 4.70000000e+09 -1.03005510e+02 
 4.70500000e+09 -1.02419083e+02 
 4.71000000e+09 -1.10845981e+02 
 4.71500000e+09 -1.06802285e+02 
 4.72000000e+09 -1.08061948e+02 
 4.72500000e+09 -1.07897681e+02 
 4.73000000e+09 -1.06853519e+02 
 4.73500000e+09 -1.07269531e+02 
 4.74000000e+09 -1.06475820e+02 
 4.74500000e+09 -1.06049693e+02 
 4.75000000e+09 -1.06709681e+02 
 4.75500000e+09 -1.05055624e+02 
 4.76000000e+09 -1.05261205e+02 
 4.76500000e+09 -1.05062718e+02 
 4.77000000e+09 -1.03866285e+02 
 4.77500000e+09 -1.03271344e+02 
 4.78000000e+09 -1.06427372e+02 
 4.78500000e+09 -8.26612417e+01 
 4.79000000e+09 -7.95059924e+01 
 4.79500000e+09 -8.40984515e+01 
 4.80000000e+09 -9.75578250e+01 
 4.80500000e+09 -9.73723806e+01 
 4.81000000e+09 -9.55748146e+01 
 4.81500000e+09 -9.45035156e+01 
 4.82000000e+09 -9.30320904e+01 
 4.82500000e+09 -9.10876657e+01 
 4.83000000e+09 -8.91039214e+01 
 4.83500000e+09 -8.68695472e+01 
 4.84000000e+09 -8.41528841e+01 
 4.84500000e+09 -8.06952690e+01 
 4.85000000e+09 -7.67654703e+01 
 4.85500000e+09 -7.14515253e+01 
 4.86000000e+09 -6.47176555e+01 
 4.86500000e+09 -5.49297462e+01 
 4.87000000e+09 -3.68085215e+01 
 4.87500000e+09 -2.43581338e+01 
 4.88000000e+09 -2.52110684e+01 
 4.88500000e+09 -4.07524252e+01 
 4.89000000e+09 -5.66409363e+01 
 4.89500000e+09 -6.58433527e+01 
 4.90000000e+09 -7.25563594e+01 
 4.90500000e+09 -7.75089255e+01 
 4.91000000e+09 -8.17038101e+01 
 4.91500000e+09 -8.47090354e+01 
 4.92000000e+09 -8.72394346e+01 
 4.92500000e+09 -8.93162190e+01 
 4.93000000e+09 -9.07975586e+01 
 4.93500000e+09 -9.20787867e+01 
 4.94000000e+09 -9.31208643e+01 
 4.94500000e+09 -9.40480853e+01 
 4.95000000e+09 -9.48409324e+01 
 4.95500000e+09 -9.59125679e+01 
 4.96000000e+09 -9.03112824e+01 
 4.96500000e+09 -9.37451987e+01 
 4.97000000e+09 -9.16815720e+01 
 4.97500000e+09 -9.82105326e+01 
 4.98000000e+09 -9.83043381e+01 
 4.98500000e+09 -9.89433527e+01 
 4.99000000e+09 -9.97632776e+01 
 4.99500000e+09 -9.95156509e+01 
 5.00000000e+09 -1.00358597e+02 
 5.00500000e+09 -1.00655145e+02 
 5.01000000e+09 -1.00778065e+02 
 5.01500000e+09 -1.01552077e+02 
 5.02000000e+09 -1.01332166e+02 
 5.02500000e+09 -1.01802961e+02 
 5.03000000e+09 -1.02055955e+02 
 5.03500000e+09 -1.02176926e+02 
 5.04000000e+09 -1.02048469e+02 
 5.04500000e+09 -1.03695016e+02 
 5.05000000e+09 -9.93109972e+01 
 5.05500000e+09 -1.06454647e+02 
 5.06000000e+09 -1.01829580e+02 
 5.06500000e+09 -1.03671357e+02 
 5.07000000e+09 -1.02695225e+02 
 5.07500000e+09 -1.02849716e+02 
 5.08000000e+09 -1.03674740e+02 
 5.08500000e+09 -1.02915994e+02 
 5.09000000e+09 -1.03218324e+02 
 5.09500000e+09 -1.03635604e+02 
 5.10000000e+09 -1.03464619e+02 
 5.10500000e+09 -1.03419890e+02 
 5.11000000e+09 -1.03837280e+02 
 5.11500000e+09 -1.03622187e+02 
 5.12000000e+09 -1.03806084e+02 
 5.12500000e+09 -1.04059878e+02 
 5.13000000e+09 -1.03143763e+02 
 5.13500000e+09 -1.04847420e+02 
 5.14000000e+09 -1.04217901e+02 
 5.14500000e+09 -1.03774221e+02 
 5.15000000e+09 -1.03803734e+02 
 5.15500000e+09 -1.04112298e+02 
 5.16000000e+09 -1.05373323e+02 
 5.16500000e+09 -1.04056033e+02 
 5.17000000e+09 -1.04602167e+02 
 5.17500000e+09 -1.05015523e+02 
 5.18000000e+09 -1.04657956e+02 
 5.18500000e+09 -1.04766890e+02 
 5.19000000e+09 -1.05170013e+02 
 5.19500000e+09 -1.04809103e+02 
 5.20000000e+09 -1.05404758e+02 
 5.20500000e+09 -1.04939445e+02 
 5.21000000e+09 -1.04921826e+02 
 5.21500000e+09 -1.05825704e+02 
 5.22000000e+09 -1.04809629e+02 
 5.22500000e+09 -1.03690677e+02 
 5.23000000e+09 -1.00725141e+02 
 5.23500000e+09 -1.05478542e+02 
 5.24000000e+09 -1.03293394e+02 
 5.24500000e+09 -1.04163526e+02 
 5.25000000e+09 -1.05802050e+02 
 5.25500000e+09 -1.05425998e+02 
 5.26000000e+09 -1.04997680e+02 
 5.26500000e+09 -1.05618073e+02 
 5.27000000e+09 -1.05350307e+02 
 5.27500000e+09 -1.05110575e+02 
 5.28000000e+09 -1.05695264e+02 
 5.28500000e+09 -1.05188806e+02 
 5.29000000e+09 -1.05268449e+02 
 5.29500000e+09 -1.05239156e+02 
 5.30000000e+09 -1.04385988e+02 
 5.30500000e+09 -1.04205680e+02 
 5.31000000e+09 -1.00025709e+02 
 5.31500000e+09 -7.88141512e+01 
 5.32000000e+09 -6.99805831e+01 
 5.32500000e+09 -7.33688316e+01 
 5.33000000e+09 -9.45203503e+01 
 5.33500000e+09 -1.02325405e+02 
 5.34000000e+09 -1.04445056e+02 
 5.34500000e+09 -1.05661185e+02 
 5.35000000e+09 -1.05404844e+02 
 5.35500000e+09 -1.05845701e+02 
 5.36000000e+09 -1.06469788e+02 
 5.36500000e+09 -1.06475044e+02 
 5.37000000e+09 -1.07724467e+02 
 5.37500000e+09 -1.08388579e+02 
 5.38000000e+09 -1.10986781e+02 
 5.38500000e+09 -1.20811895e+02 
 5.39000000e+09 -1.07524406e+02 
 5.39500000e+09 -9.46116923e+01 
 5.40000000e+09 -7.84716117e+01 
 5.40500000e+09 -5.84877200e+01 
 5.41000000e+09 -5.59540302e+01 
 5.41500000e+09 -6.58049603e+01 
 5.42000000e+09 -8.69839626e+01 
 5.42500000e+09 -9.70369960e+01 
 5.43000000e+09 -1.01750689e+02 
 5.43500000e+09 -1.05866183e+02 
 5.44000000e+09 -1.07033309e+02 
 5.44500000e+09 -1.07140392e+02 
 5.45000000e+09 -1.07452858e+02 
 5.45500000e+09 -1.07307798e+02 
 5.46000000e+09 -1.07299477e+02 
 5.46500000e+09 -1.07655605e+02 
 5.47000000e+09 -1.06574249e+02 
 5.47500000e+09 -1.07574162e+02 
 5.48000000e+09 -1.07662651e+02 
 5.48500000e+09 -1.05725655e+02 
 5.49000000e+09 -1.07739156e+02 
 5.49500000e+09 -9.78842844e+01 
 5.50000000e+09 -1.08047002e+02 
 5.50500000e+09 -1.05612343e+02 
 5.51000000e+09 -1.06487538e+02 
 5.51500000e+09 -1.07479598e+02 
 5.52000000e+09 -1.06503634e+02 
 5.52500000e+09 -1.06861135e+02 
 5.53000000e+09 -1.06930250e+02 
 5.53500000e+09 -1.06543464e+02 
 5.54000000e+09 -1.06800682e+02 
 5.54500000e+09 -1.06791565e+02 
 5.55000000e+09 -1.06454397e+02 
 5.55500000e+09 -1.07086706e+02 
 5.56000000e+09 -1.06712587e+02 
 5.56500000e+09 -1.06176170e+02 
 5.57000000e+09 -1.07259291e+02 
 5.57500000e+09 -1.06426470e+02 
 5.58000000e+09 -1.05333345e+02 
 5.58500000e+09 -1.08952347e+02 
 5.59000000e+09 -1.04362638e+02 
 5.59500000e+09 -1.07058089e+02 
 5.60000000e+09 -1.05787892e+02 
 5.60500000e+09 -1.06932375e+02 
 5.61000000e+09 -1.06213943e+02 
 5.61500000e+09 -1.06114329e+02 
 5.62000000e+09 -1.06475251e+02 
 5.62500000e+09 -1.05931510e+02 
 5.63000000e+09 -1.05871883e+02 
 5.63500000e+09 -1.06609733e+02 
 5.64000000e+09 -1.05430104e+02 
 5.64500000e+09 -1.06186642e+02 
 5.65000000e+09 -1.06375770e+02 
 5.65500000e+09 -1.05171938e+02 
 5.66000000e+09 -1.05799680e+02 
 5.66500000e+09 -1.07578330e+02 
 5.67000000e+09 -1.00871623e+02 
 5.67500000e+09 -1.05590602e+02 
 5.68000000e+09 -1.00704037e+02 
 5.68500000e+09 -1.06380267e+02 
 5.69000000e+09 -1.05437573e+02 
 5.69500000e+09 -1.05259605e+02 
 5.70000000e+09 -1.05415978e+02 
 5.70500000e+09 -1.04786174e+02 
 5.71000000e+09 -1.05514395e+02 
 5.71500000e+09 -1.04682198e+02 
 5.72000000e+09 -1.04440626e+02 
 5.72500000e+09 -1.04986764e+02 
 5.73000000e+09 -1.04165953e+02 
 5.73500000e+09 -1.03791714e+02 
 5.74000000e+09 -1.04219250e+02 
 5.74500000e+09 -1.03567657e+02 
 5.75000000e+09 -1.02448871e+02 
 5.75500000e+09 -1.03625698e+02 
 5.76000000e+09 -8.56321091e+01 
 5.76500000e+09 -8.18531342e+01 
 5.77000000e+09 -8.55996787e+01 
 5.77500000e+09 -1.00662675e+02 
 5.78000000e+09 -1.00124655e+02 
 5.78500000e+09 -9.87312700e+01 
 5.79000000e+09 -9.83174421e+01 
 5.79500000e+09 -9.72108038e+01 
 5.80000000e+09 -9.58240197e+01 
 5.80500000e+09 -9.44732784e+01 
 5.81000000e+09 -9.27050426e+01 
 5.81500000e+09 -9.03356515e+01 
 5.82000000e+09 -8.72722986e+01 
 5.82500000e+09 -8.35644600e+01 
 5.83000000e+09 -7.83460600e+01 
 5.83500000e+09 -7.18217772e+01 
 5.84000000e+09 -6.23382451e+01 
 5.84500000e+09 -4.55775789e+01 
 5.85000000e+09 -3.14413374e+01 
 5.85500000e+09 -3.13137289e+01 
 5.86000000e+09 -4.49854735e+01 
 5.86500000e+09 -6.20332675e+01 
 5.87000000e+09 -7.14772266e+01 
 5.87500000e+09 -7.81938812e+01 
 5.88000000e+09 -8.30693152e+01 
 5.88500000e+09 -8.71654152e+01 
 5.89000000e+09 -9.00182969e+01 
 5.89500000e+09 -9.26175605e+01 
 5.90000000e+09 -9.48198245e+01 
 5.90500000e+09 -9.63970121e+01 
 5.91000000e+09 -9.78213853e+01 
 5.91500000e+09 -9.93988756e+01 
 5.92000000e+09 -1.00257873e+02 
 5.92500000e+09 -1.01387144e+02 
 5.93000000e+09 -1.03405465e+02 
 5.93500000e+09 -8.86070007e+01 
 5.94000000e+09 -8.51324330e+01 
 5.94500000e+09 -8.83551029e+01 
 5.95000000e+09 -1.07982247e+02 
 5.95500000e+09 -1.05691459e+02 
 5.96000000e+09 -1.06293117e+02 
 5.96500000e+09 -1.07635486e+02 
 5.97000000e+09 -1.07074963e+02 
 5.97500000e+09 -1.07838364e+02 
 5.98000000e+09 -1.08202850e+02 
 5.98500000e+09 -1.08080936e+02 
 5.99000000e+09 -1.08905417e+02 
 5.99500000e+09 -1.08490617e+02 
 6.00000000e+09 -1.08276762e+02 
 6.00500000e+09 -1.09360980e+02 
 6.01000000e+09 -1.08923780e+02 
 6.01500000e+09 -1.07985721e+02 
 6.02000000e+09 -1.10398915e+02 
 6.02500000e+09 -1.07176603e+02 
 6.03000000e+09 -1.10037174e+02 
 6.03500000e+09 -1.09599377e+02 
 6.04000000e+09 -1.09319522e+02 
 6.04500000e+09 -1.09636224e+02 
 6.05000000e+09 -1.08967749e+02 
 6.05500000e+09 -1.09683771e+02 
 6.06000000e+09 -1.09014395e+02 
 6.06500000e+09 -1.09681197e+02 
 6.07000000e+09 -1.10096094e+02 
 6.07500000e+09 -1.09437608e+02 
 6.08000000e+09 -1.09588465e+02 
 6.08500000e+09 -1.10924808e+02 
 6.09000000e+09 -1.09315179e+02 
 6.09500000e+09 -1.09969670e+02 
 6.10000000e+09 -1.11334235e+02 
 6.10500000e+09 -1.08770535e+02 
 6.11000000e+09 -1.09929098e+02 
 6.11500000e+09 -1.10686113e+02 
 6.12000000e+09 -1.08975361e+02 
 6.12500000e+09 -1.09331110e+02 
 6.13000000e+09 -1.09894622e+02 
 6.13500000e+09 -1.11018646e+02 
 6.14000000e+09 -1.10174699e+02 
 6.14500000e+09 -1.10600658e+02 
 6.15000000e+09 -1.10923406e+02 
 6.15500000e+09 -1.10033568e+02 
 6.16000000e+09 -1.11357494e+02 
 6.16500000e+09 -1.10633857e+02 
 6.17000000e+09 -1.10188576e+02 
 6.17500000e+09 -1.11643736e+02 
 6.18000000e+09 -1.10553430e+02 
 6.18500000e+09 -1.09811129e+02 
 6.19000000e+09 -1.11646924e+02 
 6.19500000e+09 -1.10055118e+02 
 6.20000000e+09 -1.07798354e+02 
 6.20500000e+09 -1.01564172e+02 
 6.21000000e+09 -9.99295176e+01 
 6.21500000e+09 -1.05602620e+02 
 6.22000000e+09 -1.09202759e+02 
 6.22500000e+09 -1.11592256e+02 
 6.23000000e+09 -1.09812968e+02 
 6.23500000e+09 -1.10399909e+02 
 6.24000000e+09 -1.10983010e+02 
 6.24500000e+09 -1.09857791e+02 
 6.25000000e+09 -1.09791835e+02 
 6.25500000e+09 -1.10685900e+02 
 6.26000000e+09 -1.09281305e+02 
 6.26500000e+09 -1.08632640e+02 
 6.27000000e+09 -1.08521146e+02 
 6.27500000e+09 -1.05835461e+02 
 6.28000000e+09 -1.02787788e+02 
 6.28500000e+09 -9.56109018e+01 
 6.29000000e+09 -7.58747690e+01 
 6.29500000e+09 -6.58162156e+01 
 6.30000000e+09 -6.80465078e+01 
 6.30500000e+09 -8.73087838e+01 
 6.31000000e+09 -1.01803008e+02 
 6.31500000e+09 -1.08707557e+02 
 6.32000000e+09 -1.09582638e+02 
 6.32500000e+09 -1.08779228e+02 
 6.33000000e+09 -1.09882009e+02 
 6.33500000e+09 -1.09872144e+02 
 6.34000000e+09 -1.09093164e+02 
 6.34500000e+09 -1.10649252e+02 
 6.35000000e+09 -1.10861170e+02 
 6.35500000e+09 -1.09129701e+02 
 6.36000000e+09 -1.06693388e+02 
 6.36500000e+09 -9.93143406e+01 
 6.37000000e+09 -9.01852351e+01 
 6.37500000e+09 -7.61727918e+01 
 6.38000000e+09 -5.29242121e+01 
 6.38500000e+09 -4.93463696e+01 
 6.39000000e+09 -5.79530703e+01 
 6.39500000e+09 -8.22832582e+01 
 6.40000000e+09 -9.27003725e+01 
 6.40500000e+09 -9.87486906e+01 
 6.41000000e+09 -1.04030670e+02 
 6.41500000e+09 -1.06573850e+02 
 6.42000000e+09 -1.08718765e+02 
 6.42500000e+09 -1.10961651e+02 
 6.43000000e+09 -1.10869403e+02 
 6.43500000e+09 -1.11364005e+02 
 6.44000000e+09 -1.13329653e+02 
 6.44500000e+09 -1.11667935e+02 
 6.45000000e+09 -1.12157142e+02 
 6.45500000e+09 -1.13130176e+02 
 6.46000000e+09 -1.10561065e+02 
 6.46500000e+09 -1.02212985e+02 
 6.47000000e+09 -9.22460230e+01 
 6.47500000e+09 -9.51549201e+01 
 6.48000000e+09 -1.06711330e+02 
 6.48500000e+09 -1.12255026e+02 
 6.49000000e+09 -1.13496656e+02 
 6.49500000e+09 -1.11104138e+02 
 6.50000000e+09 -1.13568985e+02 
 6.50500000e+09 -1.13264249e+02 
 6.51000000e+09 -1.11768516e+02 
 6.51500000e+09 -1.13082708e+02 
 6.52000000e+09 -1.13613684e+02 
 6.52500000e+09 -1.12017198e+02 
 6.53000000e+09 -1.13521661e+02 
 6.53500000e+09 -1.13507409e+02 
 6.54000000e+09 -1.12629248e+02 
 6.54500000e+09 -1.13402493e+02 
 6.55000000e+09 -1.12454522e+02 
 6.55500000e+09 -1.13320080e+02 
 6.56000000e+09 -1.12462849e+02 
 6.56500000e+09 -1.11720779e+02 
 6.57000000e+09 -1.10903695e+02 
 6.57500000e+09 -1.12249590e+02 
 6.58000000e+09 -1.15363516e+02 
 6.58500000e+09 -1.12862793e+02 
 6.59000000e+09 -1.12295830e+02 
 6.59500000e+09 -1.14425010e+02 
 6.60000000e+09 -1.12688040e+02 
 6.60500000e+09 -1.12382501e+02 
 6.61000000e+09 -1.14117376e+02 
 6.61500000e+09 -1.12428401e+02 
 6.62000000e+09 -1.12822024e+02 
 6.62500000e+09 -1.13695957e+02 
 6.63000000e+09 -1.11998903e+02 
 6.63500000e+09 -1.13560530e+02 
 6.64000000e+09 -1.13895077e+02 
 6.64500000e+09 -1.06324115e+02 
 6.65000000e+09 -1.08671793e+02 
 6.65500000e+09 -1.05006411e+02 
 6.66000000e+09 -1.15340061e+02 
 6.66500000e+09 -1.10940300e+02 
 6.67000000e+09 -1.13145411e+02 
 6.67500000e+09 -1.13339053e+02 
 6.68000000e+09 -1.11746012e+02 
 6.68500000e+09 -1.12934549e+02 
 6.69000000e+09 -1.12182720e+02 
 6.69500000e+09 -1.11677156e+02 
 6.70000000e+09 -1.12585215e+02 
 6.70500000e+09 -1.10917493e+02 
 6.71000000e+09 -1.11308323e+02 
 6.71500000e+09 -1.11495225e+02 
 6.72000000e+09 -1.09528542e+02 
 6.72500000e+09 -1.09268900e+02 
 6.73000000e+09 -1.10061732e+02 
 6.73500000e+09 -9.07141383e+01 
 6.74000000e+09 -8.57618462e+01 
 6.74500000e+09 -8.88378803e+01 
 6.75000000e+09 -1.09360750e+02 
 6.75500000e+09 -1.05645810e+02 
 6.76000000e+09 -1.03784922e+02 
 6.76500000e+09 -1.03590912e+02 
 6.77000000e+09 -1.02000362e+02 
 6.77500000e+09 -1.00351953e+02 
 6.78000000e+09 -9.89539634e+01 
 6.78500000e+09 -9.70302671e+01 
 6.79000000e+09 -9.45940364e+01 
 6.79500000e+09 -9.15656986e+01 
 6.80000000e+09 -8.79833384e+01 
 6.80500000e+09 -8.28920492e+01 
 6.81000000e+09 -7.66343936e+01 
 6.81500000e+09 -6.75012663e+01 
 6.82000000e+09 -5.19131090e+01 
 6.82500000e+09 -3.58460291e+01 
 6.83000000e+09 -3.47328658e+01 
 6.83500000e+09 -4.67777165e+01 
 6.84000000e+09 -6.53151538e+01 
 6.84500000e+09 -7.51375020e+01 
 6.85000000e+09 -8.20767272e+01 
 6.85500000e+09 -8.70438155e+01 
 6.86000000e+09 -9.12308689e+01 
 6.86500000e+09 -9.39695067e+01 
 6.87000000e+09 -9.64944687e+01 
 6.87500000e+09 -9.85543388e+01 
 6.88000000e+09 -9.98474093e+01 
 6.88500000e+09 -1.01166274e+02 
 6.89000000e+09 -1.02265894e+02 
 6.89500000e+09 -1.03043409e+02 
 6.90000000e+09 -1.03643916e+02 
 6.90500000e+09 -1.03090435e+02 
 6.91000000e+09 -8.55756661e+01 
 6.91500000e+09 -7.95062793e+01 
 6.92000000e+09 -8.31635283e+01 
 6.92500000e+09 -1.12455007e+02 
 6.93000000e+09 -1.07306116e+02 
 6.93500000e+09 -1.08464482e+02 
 6.94000000e+09 -1.08859508e+02 
 6.94500000e+09 -1.07628002e+02 
 6.95000000e+09 -1.09130690e+02 
 6.95500000e+09 -1.08970681e+02 
 6.96000000e+09 -1.08797658e+02 
 6.96500000e+09 -1.09566487e+02 
 6.97000000e+09 -1.09150520e+02 
 6.97500000e+09 -1.09259797e+02 
 6.98000000e+09 -1.09825681e+02 
 6.98500000e+09 -1.09224972e+02 
 6.99000000e+09 -1.09780298e+02 
 6.99500000e+09 -1.11001457e+02 
 7.00000000e+09 -1.05006651e+02 
 7.00500000e+09 -1.17721928e+02 
 7.01000000e+09 -1.09396560e+02 
 7.01500000e+09 -1.11354481e+02 
 7.02000000e+09 -1.09085545e+02 
 7.02500000e+09 -1.09876652e+02 
 7.03000000e+09 -1.11066149e+02 
 7.03500000e+09 -1.09687796e+02 
 7.04000000e+09 -1.10339895e+02 
 7.04500000e+09 -1.11052964e+02 
 7.05000000e+09 -1.10483495e+02 
 7.05500000e+09 -1.10531173e+02 
 7.06000000e+09 -1.11209482e+02 
 7.06500000e+09 -1.10616653e+02 
 7.07000000e+09 -1.11157099e+02 
 7.07500000e+09 -1.11074205e+02 
 7.08000000e+09 -1.09936329e+02 
 7.08500000e+09 -1.13883285e+02 
 7.09000000e+09 -1.10228458e+02 
 7.09500000e+09 -1.11621022e+02 
 7.10000000e+09 -1.09436223e+02 
 7.10500000e+09 -1.12410603e+02 
 7.11000000e+09 -1.12794566e+02 
 7.11500000e+09 -1.10676953e+02 
 7.12000000e+09 -1.12093955e+02 
 7.12500000e+09 -1.12281588e+02 
 7.13000000e+09 -1.11555012e+02 
 7.13500000e+09 -1.12073691e+02 
 7.14000000e+09 -1.12114198e+02 
 7.14500000e+09 -1.11803094e+02 
 7.15000000e+09 -1.12849186e+02 
 7.15500000e+09 -1.11341227e+02 
 7.16000000e+09 -1.12016825e+02 
 7.16500000e+09 -1.13124672e+02 
 7.17000000e+09 -1.10648306e+02 
 7.17500000e+09 -1.11108777e+02 
 7.18000000e+09 -1.05403042e+02 
 7.18500000e+09 -1.07138368e+02 
 7.19000000e+09 -1.06591910e+02 
 7.19500000e+09 -1.10694082e+02 
 7.20000000e+09 -1.13423756e+02 
 7.20500000e+09 -1.11811439e+02 
 7.21000000e+09 -1.11683879e+02 
 7.21500000e+09 -1.12810344e+02 
 7.22000000e+09 -1.11887748e+02 
 7.22500000e+09 -1.11901434e+02 
 7.23000000e+09 -1.12550847e+02 
 7.23500000e+09 -1.11885019e+02 
 7.24000000e+09 -1.11951699e+02 
 7.24500000e+09 -1.11694436e+02 
 7.25000000e+09 -1.10593785e+02 
 7.25500000e+09 -1.09924377e+02 
 7.26000000e+09 -1.03737795e+02 
 7.26500000e+09 -8.54133346e+01 
 7.27000000e+09 -7.37601981e+01 
 7.27500000e+09 -7.51677662e+01 
 7.28000000e+09 -9.13678311e+01 
 7.28500000e+09 -1.03855907e+02 
 7.29000000e+09 -1.09241885e+02 
 7.29500000e+09 -1.11573224e+02 
 7.30000000e+09 -1.11419222e+02 
 7.30500000e+09 -1.12864941e+02 
 7.31000000e+09 -1.13427442e+02 
 7.31500000e+09 -1.13554039e+02 
 7.32000000e+09 -1.15497444e+02 
 7.32500000e+09 -1.15093990e+02 
 7.33000000e+09 -1.17795904e+02 
 7.33500000e+09 -1.22309069e+02 
 7.34000000e+09 -1.13633380e+02 
 7.34500000e+09 -1.04212209e+02 
 7.35000000e+09 -8.95900133e+01 
 7.35500000e+09 -6.11355752e+01 
 7.36000000e+09 -5.65148703e+01 
 7.36500000e+09 -6.39344863e+01 
 7.37000000e+09 -9.35866485e+01 
 7.37500000e+09 -1.05746599e+02 
 7.38000000e+09 -1.11181503e+02 
 7.38500000e+09 -1.17287759e+02 
 7.39000000e+09 -1.16222723e+02 
 7.39500000e+09 -1.15670569e+02 
 7.40000000e+09 -1.15575107e+02 
 7.40500000e+09 -1.14965534e+02 
 7.41000000e+09 -1.15395314e+02 
 7.41500000e+09 -1.15278239e+02 
 7.42000000e+09 -1.13879300e+02 
 7.42500000e+09 -1.16393969e+02 
 7.43000000e+09 -1.14886213e+02 
 7.43500000e+09 -1.12858808e+02 
 7.44000000e+09 -1.18432721e+02 
 7.44500000e+09 -1.01533203e+02 
 7.45000000e+09 -1.07112753e+02 
 7.45500000e+09 -1.09553461e+02 
 7.46000000e+09 -1.14564846e+02 
 7.46500000e+09 -1.15315721e+02 
 7.47000000e+09 -1.13822322e+02 
 7.47500000e+09 -1.14884655e+02 
 7.48000000e+09 -1.14772253e+02 
 7.48500000e+09 -1.14162859e+02 
 7.49000000e+09 -1.14965474e+02 
 7.49500000e+09 -1.14234698e+02 
 7.50000000e+09 -1.14412331e+02 
 7.50500000e+09 -1.15497370e+02 
 7.51000000e+09 -1.14046271e+02 
 7.51500000e+09 -1.14144305e+02 
 7.52000000e+09 -1.15987539e+02 
 7.52500000e+09 -1.13180604e+02 
 7.53000000e+09 -1.14142138e+02 
 7.53500000e+09 -1.12216828e+02 
 7.54000000e+09 -1.14886027e+02 
 7.54500000e+09 -1.13449978e+02 
 7.55000000e+09 -1.13394483e+02 
 7.55500000e+09 -1.15590038e+02 
 7.56000000e+09 -1.13507984e+02 
 7.56500000e+09 -1.14232168e+02 
 7.57000000e+09 -1.14615103e+02 
 7.57500000e+09 -1.13311607e+02 
 7.58000000e+09 -1.14204508e+02 
 7.58500000e+09 -1.14631108e+02 
 7.59000000e+09 -1.12851162e+02 
 7.59500000e+09 -1.14904010e+02 
 7.60000000e+09 -1.14047910e+02 
 7.60500000e+09 -1.12519421e+02 
 7.61000000e+09 -1.14872215e+02 
 7.61500000e+09 -1.14467125e+02 
 7.62000000e+09 -1.08300921e+02 
 7.62500000e+09 -1.08793467e+02 
 7.63000000e+09 -1.06971718e+02 
 7.63500000e+09 -1.12340908e+02 
 7.64000000e+09 -1.13004371e+02 
 7.64500000e+09 -1.13243043e+02 
 7.65000000e+09 -1.12771703e+02 
 7.65500000e+09 -1.12166884e+02 
 7.66000000e+09 -1.13693712e+02 
 7.66500000e+09 -1.11470822e+02 
 7.67000000e+09 -1.11916743e+02 
 7.67500000e+09 -1.12685468e+02 
 7.68000000e+09 -1.10921555e+02 
 7.68500000e+09 -1.10801747e+02 
 7.69000000e+09 -1.11744166e+02 
 7.69500000e+09 -1.09733194e+02 
 7.70000000e+09 -1.08844650e+02 
 7.70500000e+09 -1.08826369e+02 
 7.71000000e+09 -9.23468357e+01 
 7.71500000e+09 -8.57934899e+01 
 7.72000000e+09 -8.85724403e+01 
 7.72500000e+09 -1.11389084e+02 
 7.73000000e+09 -1.07621283e+02 
 7.73500000e+09 -1.06462464e+02 
 7.74000000e+09 -1.06540121e+02 
 7.74500000e+09 -1.05205708e+02 
 7.75000000e+09 -1.04208671e+02 
 7.75500000e+09 -1.03195644e+02 
 7.76000000e+09 -1.01611986e+02 
 7.76500000e+09 -9.93904442e+01 
 7.77000000e+09 -9.64730488e+01 
 7.77500000e+09 -9.28932849e+01 
 7.78000000e+09 -8.76664266e+01 
 7.78500000e+09 -8.14832082e+01 
 7.79000000e+09 -7.25151212e+01 
 7.79500000e+09 -5.78381855e+01 
 7.80000000e+09 -3.94471863e+01 
 7.80500000e+09 -3.73460016e+01 
 7.81000000e+09 -4.79232490e+01 
 7.81500000e+09 -6.82906234e+01 
 7.82000000e+09 -7.84548902e+01 
 7.82500000e+09 -8.55489837e+01 
 7.83000000e+09 -9.05684203e+01 
 7.83500000e+09 -9.49115067e+01 
 7.84000000e+09 -9.77327980e+01 
 7.84500000e+09 -1.00644410e+02 
 7.85000000e+09 -1.02957751e+02 
 7.85500000e+09 -1.04470847e+02 
 7.86000000e+09 -1.06039370e+02 
 7.86500000e+09 -1.07664490e+02 
 7.87000000e+09 -1.07968253e+02 
 7.87500000e+09 -1.08823095e+02 
 7.88000000e+09 -1.07032856e+02 
 7.88500000e+09 -8.82786592e+01 
 7.89000000e+09 -8.03970915e+01 
 7.89500000e+09 -8.35735059e+01 
 7.90000000e+09 -1.06353710e+02 
 7.90500000e+09 -1.11919744e+02 
 7.91000000e+09 -1.14694902e+02 
 7.91500000e+09 -1.14939773e+02 
 7.92000000e+09 -1.13932569e+02 
 7.92500000e+09 -1.15362203e+02 
 7.93000000e+09 -1.15222040e+02 
 7.93500000e+09 -1.15218674e+02 
 7.94000000e+09 -1.16237133e+02 
 7.94500000e+09 -1.15097574e+02 
 7.95000000e+09 -1.15424747e+02 
 7.95500000e+09 -1.17125471e+02 
 7.96000000e+09 -1.15087886e+02 
 7.96500000e+09 -1.15507863e+02 
 7.97000000e+09 -1.19727596e+02 
 7.97500000e+09 -1.09042794e+02 
 7.98000000e+09 -1.16791983e+02 
 7.98500000e+09 -1.13509995e+02 
 7.99000000e+09 -1.17859577e+02 
 7.99500000e+09 -1.16385452e+02 
 8.00000000e+09 -1.16425222e+02 
 8.00500000e+09 -1.17634391e+02 
 8.01000000e+09 -1.16111626e+02 
 8.01500000e+09 -1.18193221e+02 
 8.02000000e+09 -1.18256387e+02 
 8.02500000e+09 -1.16815206e+02 
 8.03000000e+09 -1.18179711e+02 
 8.03500000e+09 -1.19362987e+02 
 8.04000000e+09 -1.16555883e+02 
 8.04500000e+09 -1.19114732e+02 
 8.05000000e+09 -1.19189027e+02 
 8.05500000e+09 -1.15876555e+02 
 8.06000000e+09 -1.20794124e+02 
 8.06500000e+09 -1.16360667e+02 
 8.07000000e+09 -1.17091706e+02 
 8.07500000e+09 -1.14727196e+02 
 8.08000000e+09 -1.19887170e+02 
 8.08500000e+09 -1.18017959e+02 
 8.09000000e+09 -1.18221142e+02 
 8.09500000e+09 -1.19676218e+02 
 8.10000000e+09 -1.18598519e+02 
 8.10500000e+09 -1.18314030e+02 
 8.11000000e+09 -1.20823731e+02 
 8.11500000e+09 -1.18018257e+02 
 8.12000000e+09 -1.18702851e+02 
 8.12500000e+09 -1.21179482e+02 
 8.13000000e+09 -1.17709794e+02 
 8.13500000e+09 -1.17920228e+02 
 8.14000000e+09 -1.20844232e+02 
 8.14500000e+09 -1.16497244e+02 
 8.15000000e+09 -1.16954177e+02 
 8.15500000e+09 -1.06806797e+02 
 8.16000000e+09 -1.05499091e+02 
 8.16500000e+09 -1.08940170e+02 
 8.17000000e+09 -1.16995101e+02 
 8.17500000e+09 -1.20385772e+02 
 8.18000000e+09 -1.16553468e+02 
 8.18500000e+09 -1.18903843e+02 
 8.19000000e+09 -1.18757619e+02 
 8.19500000e+09 -1.16924784e+02 
 8.20000000e+09 -1.17884218e+02 
 8.20500000e+09 -1.18453095e+02 
 8.21000000e+09 -1.16396279e+02 
 8.21500000e+09 -1.16669978e+02 
 8.22000000e+09 -1.15661768e+02 
 8.22500000e+09 -1.13033144e+02 
 8.23000000e+09 -1.10802083e+02 
 8.23500000e+09 -1.03724914e+02 
 8.24000000e+09 -8.68998199e+01 
 8.24500000e+09 -7.39452510e+01 
 8.25000000e+09 -7.42602118e+01 
 8.25500000e+09 -8.87665753e+01 
 8.26000000e+09 -1.04981910e+02 
 8.26500000e+09 -1.13249741e+02 
 8.27000000e+09 -1.14770295e+02 
 8.27500000e+09 -1.15185481e+02 
 8.28000000e+09 -1.17705442e+02 
 8.28500000e+09 -1.16453292e+02 
 8.29000000e+09 -1.16398160e+02 
 8.29500000e+09 -1.20189752e+02 
 8.30000000e+09 -1.18157328e+02 
 8.30500000e+09 -1.19172024e+02 
 8.31000000e+09 -1.29056503e+02 
 8.31500000e+09 -1.19908605e+02 
 8.32000000e+09 -1.09867656e+02 
 8.32500000e+09 -9.55710293e+01 
 8.33000000e+09 -5.38917856e+01 
 8.33500000e+09 -4.81919552e+01 
 8.34000000e+09 -5.44664198e+01 
 8.34500000e+09 -9.85680654e+01 
 8.35000000e+09 -1.08895190e+02 
 8.35500000e+09 -1.12844228e+02 
 8.36000000e+09 -1.19304381e+02 
 8.36500000e+09 -1.17317083e+02 
 8.37000000e+09 -1.19559984e+02 
 8.37500000e+09 -1.20321083e+02 
 8.38000000e+09 -1.18449297e+02 
 8.38500000e+09 -1.19645308e+02 
 8.39000000e+09 -1.21383373e+02 
 8.39500000e+09 -1.18199079e+02 
 8.40000000e+09 -1.20585274e+02 
 8.40500000e+09 -1.20776514e+02 
 8.41000000e+09 -1.16407140e+02 
 8.41500000e+09 -1.06042077e+02 
 8.42000000e+09 -9.25444516e+01 
 8.42500000e+09 -9.29811325e+01 
 8.43000000e+09 -1.04908635e+02 
 8.43500000e+09 -1.19165457e+02 
 8.44000000e+09 -1.21141664e+02 
 8.44500000e+09 -1.18820932e+02 
 8.45000000e+09 -1.24706359e+02 
 8.45500000e+09 -1.23047706e+02 
 8.46000000e+09 -1.20210383e+02 
 8.46500000e+09 -1.25182988e+02 
 8.47000000e+09 -1.24358862e+02 
 8.47500000e+09 -1.20879339e+02 
 8.48000000e+09 -1.27287272e+02 
 8.48500000e+09 -1.24236674e+02 
 8.49000000e+09 -1.22178501e+02 
 8.49500000e+09 -1.26555014e+02 
 8.50000000e+09 -1.22092680e+02 
 8.50500000e+09 -1.17861176e+02 
 8.51000000e+09 -1.13089535e+02 
 8.51500000e+09 -1.15965794e+02 
 8.52000000e+09 -1.15861843e+02 
 8.52500000e+09 -1.22884216e+02 
 8.53000000e+09 -1.37318854e+02 
 8.53500000e+09 -1.22192479e+02 
 8.54000000e+09 -1.24398353e+02 
 8.54500000e+09 -1.31034546e+02 
 8.55000000e+09 -1.22544317e+02 
 8.55500000e+09 -1.25189383e+02 
 8.56000000e+09 -1.27685202e+02 
 8.56500000e+09 -1.23011866e+02 
 8.57000000e+09 -1.26511271e+02 
 8.57500000e+09 -1.25225866e+02 
 8.58000000e+09 -1.23008962e+02 
 8.58500000e+09 -1.28881623e+02 
 8.59000000e+09 -1.20715068e+02 
 8.59500000e+09 -1.15613450e+02 
 8.60000000e+09 -1.12359409e+02 
 8.60500000e+09 -1.10741291e+02 
 8.61000000e+09 -1.19052925e+02 
 8.61500000e+09 -1.20971771e+02 
 8.62000000e+09 -1.29573270e+02 
 8.62500000e+09 -1.24729715e+02 
 8.63000000e+09 -1.22937208e+02 
 8.63500000e+09 -1.27402065e+02 
 8.64000000e+09 -1.22772175e+02 
 8.64500000e+09 -1.23895706e+02 
 8.65000000e+09 -1.25680757e+02 
 8.65500000e+09 -1.21224790e+02 
 8.66000000e+09 -1.23511935e+02 
 8.66500000e+09 -1.24799127e+02 
 8.67000000e+09 -1.19050182e+02 
 8.67500000e+09 -1.21820813e+02 
 8.68000000e+09 -1.21187856e+02 
 8.68500000e+09 -1.00486728e+02 
 8.69000000e+09 -9.28035529e+01 
 8.69500000e+09 -9.52282565e+01 
 8.70000000e+09 -1.16371973e+02 
 8.70500000e+09 -1.16433577e+02 
 8.71000000e+09 -1.16489215e+02 
 8.71500000e+09 -1.18423600e+02 
 8.72000000e+09 -1.15227656e+02 
 8.72500000e+09 -1.14459691e+02 
 8.73000000e+09 -1.14273244e+02 
 8.73500000e+09 -1.12023082e+02 
 8.74000000e+09 -1.10025796e+02 
 8.74500000e+09 -1.07837589e+02 
 8.75000000e+09 -1.04228142e+02 
 8.75500000e+09 -9.90583581e+01 
 8.76000000e+09 -9.34945258e+01 
 8.76500000e+09 -8.46858618e+01 
 8.77000000e+09 -7.08651020e+01 
 8.77500000e+09 -4.95541090e+01 
 8.78000000e+09 -4.64476172e+01 
 8.78500000e+09 -5.56829039e+01 
 8.79000000e+09 -7.86022822e+01 
 8.79500000e+09 -8.91236896e+01 
 8.80000000e+09 -9.63029965e+01 
 8.80500000e+09 -1.01506369e+02 
 8.81000000e+09 -1.05730480e+02 
 8.81500000e+09 -1.07940649e+02 
 8.82000000e+09 -1.11091178e+02 
 8.82500000e+09 -1.13062420e+02 
 8.83000000e+09 -1.13445663e+02 
 8.83500000e+09 -1.15452268e+02 
 8.84000000e+09 -1.15237278e+02 
 8.84500000e+09 -1.14964796e+02 
 8.85000000e+09 -1.13655324e+02 
 8.85500000e+09 -1.06779750e+02 
 8.86000000e+09 -8.73112586e+01 
 8.86500000e+09 -7.76577895e+01 
 8.87000000e+09 -8.01247804e+01 
 8.87500000e+09 -9.97958201e+01 
 8.88000000e+09 -1.14247199e+02 
 8.88500000e+09 -1.22608660e+02 
 8.89000000e+09 -1.20964017e+02 
 8.89500000e+09 -1.19334009e+02 
 8.90000000e+09 -1.23162343e+02 
 8.90500000e+09 -1.21473531e+02 
 8.91000000e+09 -1.21499338e+02 
 8.91500000e+09 -1.22827805e+02 
 8.92000000e+09 -1.21445197e+02 
 8.92500000e+09 -1.21740281e+02 
 8.93000000e+09 -1.23766532e+02 
 8.93500000e+09 -1.20585502e+02 
 8.94000000e+09 -1.22538707e+02 
 8.94500000e+09 -1.25479033e+02 
 8.95000000e+09 -1.09282349e+02 
 8.95500000e+09 -1.10443578e+02 
 8.96000000e+09 -1.14669877e+02 
 8.96500000e+09 -1.28527310e+02 
 8.97000000e+09 -1.18878045e+02 
 8.97500000e+09 -1.23804000e+02 
 8.98000000e+09 -1.26072092e+02 
 8.98500000e+09 -1.21139227e+02 
 8.99000000e+09 -1.24692620e+02 
 8.99500000e+09 -1.26386301e+02 
 9.00000000e+09 -1.22789660e+02 
 9.00500000e+09 -1.25070388e+02 
 9.01000000e+09 -1.25123913e+02 
 9.01500000e+09 -1.23622985e+02 
 9.02000000e+09 -1.26145987e+02 
 9.02500000e+09 -1.23279160e+02 
 9.03000000e+09 -1.21634717e+02 
 9.03500000e+09 -1.42465693e+02 
 9.04000000e+09 -1.20144755e+02 
 9.04500000e+09 -1.25063676e+02 
 9.05000000e+09 -1.19822396e+02 
 9.05500000e+09 -1.31358757e+02 
 9.06000000e+09 -1.25961998e+02 
 9.06500000e+09 -1.22909346e+02 
 9.07000000e+09 -1.29256974e+02 
 9.07500000e+09 -1.25978661e+02 
 9.08000000e+09 -1.25072780e+02 
 9.08500000e+09 -1.27347083e+02 
 9.09000000e+09 -1.25266732e+02 
 9.09500000e+09 -1.26042581e+02 
 9.10000000e+09 -1.29136017e+02 
 9.10500000e+09 -1.22690802e+02 
 9.11000000e+09 -1.26250660e+02 
 9.11500000e+09 -1.28516717e+02 
 9.12000000e+09 -1.20412861e+02 
 9.12500000e+09 -1.26420366e+02 
 9.13000000e+09 -1.13045445e+02 
 9.13500000e+09 -1.08669096e+02 
 9.14000000e+09 -1.11333819e+02 
 9.14500000e+09 -1.23728162e+02 
 9.15000000e+09 -1.28366980e+02 
 9.15500000e+09 -1.23271474e+02 
 9.16000000e+09 -1.24743989e+02 
 9.16500000e+09 -1.26842080e+02 
 9.17000000e+09 -1.23725572e+02 
 9.17500000e+09 -1.24746086e+02 
 9.18000000e+09 -1.25654217e+02 
 9.18500000e+09 -1.23907655e+02 
 9.19000000e+09 -1.24583472e+02 
 9.19500000e+09 -1.23011425e+02 
 9.20000000e+09 -1.20844828e+02 
 9.20500000e+09 -1.18764287e+02 
 9.21000000e+09 -1.11324325e+02 
 9.21500000e+09 -9.47875953e+01 
 9.22000000e+09 -7.99588141e+01 
 9.22500000e+09 -7.93834789e+01 
 9.23000000e+09 -9.21336112e+01 
 9.23500000e+09 -1.08763405e+02 
 9.24000000e+09 -1.17554246e+02 
 9.24500000e+09 -1.20347313e+02 
 9.25000000e+09 -1.20812829e+02 
 9.25500000e+09 -1.23573180e+02 
 9.26000000e+09 -1.22634026e+02 
 9.26500000e+09 -1.22406367e+02 
 9.27000000e+09 -1.24110737e+02 
 9.27500000e+09 -1.20321718e+02 
 9.28000000e+09 -1.20281422e+02 
 9.28500000e+09 -1.17563241e+02 
 9.29000000e+09 -1.12758379e+02 
 9.29500000e+09 -1.05479819e+02 
 9.30000000e+09 -9.46434137e+01 
 9.30500000e+09 -6.04169520e+01 
 9.31000000e+09 -5.36018179e+01 
 9.31500000e+09 -5.87874081e+01 
 9.32000000e+09 -9.15619067e+01 
 9.32500000e+09 -1.03900913e+02 
 9.33000000e+09 -1.13281441e+02 
 9.33500000e+09 -1.16691074e+02 
 9.34000000e+09 -1.21014462e+02 
 9.34500000e+09 -1.23649030e+02 
 9.35000000e+09 -1.24559860e+02 
 9.35500000e+09 -1.24821741e+02 
 9.36000000e+09 -1.26098736e+02 
 9.36500000e+09 -1.26914418e+02 
 9.37000000e+09 -1.25411255e+02 
 9.37500000e+09 -1.27669625e+02 
 9.38000000e+09 -1.28279155e+02 
 9.38500000e+09 -1.23488402e+02 
 9.39000000e+09 -1.14997398e+02 
 9.39500000e+09 -1.00452069e+02 
 9.40000000e+09 -9.96190883e+01 
 9.40500000e+09 -1.09924700e+02 
 9.41000000e+09 -1.27803520e+02 
 9.41500000e+09 -1.35957427e+02 
 9.42000000e+09 -1.26862167e+02 
 9.42500000e+09 -1.35295869e+02 
 9.43000000e+09 -1.36412759e+02 
 9.43500000e+09 -1.29899315e+02 
 9.44000000e+09 -1.35444420e+02 
 9.44500000e+09 -1.35996211e+02 
 9.45000000e+09 -1.31274172e+02 
 9.45500000e+09 -1.38532759e+02 
 9.46000000e+09 -1.33584076e+02 
 9.46500000e+09 -1.34161159e+02 
 9.47000000e+09 -1.49178872e+02 
 9.47500000e+09 -1.30971952e+02 
 9.48000000e+09 -1.22284331e+02 
 9.48500000e+09 -1.17456028e+02 
 9.49000000e+09 -1.20421981e+02 
 9.49500000e+09 -1.26090466e+02 
 9.50000000e+09 -1.28193368e+02 
 9.50500000e+09 -1.45434201e+02 
 9.51000000e+09 -1.33340566e+02 
 9.51500000e+09 -1.33403593e+02 
 9.52000000e+09 -1.42100854e+02 
 9.52500000e+09 -1.32566916e+02 
 9.53000000e+09 -1.38728711e+02 
 9.53500000e+09 -1.38020981e+02 
 9.54000000e+09 -1.32155735e+02 
 9.54500000e+09 -1.45843440e+02 
 9.55000000e+09 -1.35786535e+02 
 9.55500000e+09 -1.30433274e+02 
 9.56000000e+09 -1.45459665e+02 
 9.56500000e+09 -1.30931086e+02 
 9.57000000e+09 -1.22784064e+02 
 9.57500000e+09 -1.21513073e+02 
 9.58000000e+09 -1.19704214e+02 
 9.58500000e+09 -1.24729186e+02 
 9.59000000e+09 -1.31794338e+02 
 9.59500000e+09 -1.37625580e+02 
 9.60000000e+09 -1.32021099e+02 
 9.60500000e+09 -1.34028156e+02 
 9.61000000e+09 -1.39892145e+02 
 9.61500000e+09 -1.30435228e+02 
 9.62000000e+09 -1.33465983e+02 
 9.62500000e+09 -1.36803874e+02 
 9.63000000e+09 -1.29380586e+02 
 9.63500000e+09 -1.31726848e+02 
 9.64000000e+09 -1.35524056e+02 
 9.64500000e+09 -1.27791968e+02 
 9.65000000e+09 -1.27765357e+02 
 9.65500000e+09 -1.29906597e+02 
 9.66000000e+09 -1.08701552e+02 
 9.66500000e+09 -9.89118887e+01 
 9.67000000e+09 -1.00455502e+02 
 9.67500000e+09 -1.18782677e+02 
 9.68000000e+09 -1.25449690e+02 
 9.68500000e+09 -1.27133935e+02 
 9.69000000e+09 -1.29972664e+02 
 9.69500000e+09 -1.26280543e+02 
 9.70000000e+09 -1.26620404e+02 
 9.70500000e+09 -1.26714197e+02 
 9.71000000e+09 -1.25004319e+02 
 9.71500000e+09 -1.22985855e+02 
 9.72000000e+09 -1.20697808e+02 
 9.72500000e+09 -1.17326424e+02 
 9.73000000e+09 -1.11585188e+02 
 9.73500000e+09 -1.06133170e+02 
 9.74000000e+09 -9.74369906e+01 
 9.74500000e+09 -8.42838515e+01 
 9.75000000e+09 -5.88466220e+01 
 9.75500000e+09 -5.47156512e+01 
 9.76000000e+09 -6.27086473e+01 
 9.76500000e+09 -8.93699296e+01 
 9.77000000e+09 -1.00426891e+02 
 9.77500000e+09 -1.07934183e+02 
 9.78000000e+09 -1.12890578e+02 
 9.78500000e+09 -1.17670097e+02 
 9.79000000e+09 -1.19844557e+02 
 9.79500000e+09 -1.23101006e+02 
 9.80000000e+09 -1.25061289e+02 
 9.80500000e+09 -1.25718846e+02 
 9.81000000e+09 -1.27105556e+02 
 9.81500000e+09 -1.26970896e+02 
 9.82000000e+09 -1.25414087e+02 
 9.82500000e+09 -1.23118939e+02 
 9.83000000e+09 -1.15292593e+02 
 9.83500000e+09 -9.68007165e+01 
 9.84000000e+09 -8.57391360e+01 
 9.84500000e+09 -8.72959400e+01 
 9.85000000e+09 -1.04455376e+02 
 9.85500000e+09 -1.20031584e+02 
 9.86000000e+09 -1.29200484e+02 
 9.86500000e+09 -1.30498355e+02 
 9.87000000e+09 -1.31502514e+02 
 9.87500000e+09 -1.33432348e+02 
 9.88000000e+09 -1.33159113e+02 
 9.88500000e+09 -1.33058222e+02 
 9.89000000e+09 -1.34444401e+02 
 9.89500000e+09 -1.33386020e+02 
 9.90000000e+09 -1.33667594e+02 
 9.90500000e+09 -1.36015432e+02 
 9.91000000e+09 -1.32973572e+02 
 9.91500000e+09 -1.34710023e+02 
 9.92000000e+09 -1.37990632e+02 
 9.92500000e+09 -1.22830276e+02 
 9.93000000e+09 -1.22013564e+02 
 9.93500000e+09 -1.24124249e+02 
 9.94000000e+09 -1.39957045e+02 
 9.94500000e+09 -1.34697046e+02 
 9.95000000e+09 -1.35714862e+02 
 9.95500000e+09 -1.37660482e+02 
 9.96000000e+09 -1.36037619e+02 
 9.96500000e+09 -1.37180479e+02 
 9.97000000e+09 -1.37722735e+02 
 9.97500000e+09 -1.36563869e+02 
 9.98000000e+09 -1.37810583e+02 
 9.98500000e+09 -1.37841985e+02 
 9.99000000e+09 -1.36076702e+02 
 9.99500000e+09 -1.37652945e+02 
 1.00000000e+10 -1.35946308e+02 
 1.00050000e+10 -1.32947289e+02 
 1.00100000e+10 -1.35344328e+02 
 1.00150000e+10 -1.19646401e+02 
 1.00200000e+10 -1.17342027e+02 
